ts,machine_id,type,air_temp_k,process_temp_k,rot_speed_rpm,torque_nm,tool_wear_min,vibration_mms,current_a,humidity_pct,machine_failure,collected_at
2024-01-09 00:54:00,CNC-03,H,298.9892777837603,311.58357958842555,2697.6565852896433,18.594207775762747,76.68941251336963,3.357619287601296,9.083498972896383,54.23237608714604,0,2026-09-03 06:33:50
2024-01-09 18:07:00,CNC-03,H,26.856147289026467,41.17638223457186,2137.3335612248816,33.33716572887289,42.77916735725055,2.842278596300565,13.420794418778964,48.42607971922405,0,2026-09-03 06:33:50
2024-01-09 09:05:00,CNC-02,M,296.49630878990865,311.66952156495535,1658.0222281016852,47.45854865176081,227.618068768131,3.152883831518419,14.793957395889135,51.95250725823813,0,2026-09-03 06:33:50
2024-01-09 22:47:00,CNC-01,L,300.25825564223237,312.68815150285343,2662.535614436182,17.835797538330628,118.5215019216246,32.34453288738194,8.767763592783727,53.28142739570287,0,2026-09-03 06:33:50
2024-01-09 01:49:00,CNC-01,L,298.09026036734326,311.06650535639983,2471.6848427550817,20.981327414595707,124.58825229720962,3.2537601936886578,9.950637117874638,55.00535606728121,0,2026-09-03 06:33:50
2024-01-09 03:31:00,CNC-01,L,296.82648094475826,310.3425575976767,2296.3693981436136,26.954677859494737,48.273296303241814,29.210253624041638,11.541131384534928,59.12559031463178,0,2026-09-03 06:33:50
2024-01-09 11:28:00,CNC-02,M,302.75669551415785,311.3761222822671,1319.6092805301887,51.40229983663798,222.0833096173991,2.8867391826128177,12.631960560888238,,1,2026-09-03 06:33:50
2024-01-09 16:02:00,CNC-01,L,26.182096936554274,40.048701903187236,1728.28990766906,40.455324552409074,32.46377404341538,2.3872099911569338,13.243426619201477,53.95218447857194,0,2026-09-03 06:33:50
2024-01-09 22:21:00,CNC-01,L,300.56684578197917,313.1966484130233,2614.1801032991793,19.465436993297413,90.42734943178267,3.1547392920625934,9.431018118062173,50.74577276093504,0,2026-09-03 06:33:50
2024-01-09 17:37:00,CNC-03,H,26.593834364506904,40.245806118682594,1948.6405884688436,34.96903220030013,2.703253603741209,2.6378058622390554,12.925260179257656,56.079193650108806,0,2026-09-03 06:33:50
2024-01-09 00:58:00,CNC-03,H,298.59470450489346,310.895501097596,2708.170269691446,17.397031316785597,80.91999711225999,3.2666802106497372,8.595884094166133,55.596914432601366,0,2026-09-03 06:33:50
2024-01-09 04:10:00,CNC-01,L,296.3067260736558,309.547789938831,2334.776900377857,25.788721724266267,94.76395082249968,3.008884678910529,11.490937271734962,57.894096887017284,0,2026-09-03 06:33:50
2024-01-09 20:18:00,CNC-03,H,300.4416039023865,314.79208617578905,2500.3295233113504,26.729321335601117,206.1664886174006,34.821853746364,12.253426890729322,54.93935113677955,0,2026-09-03 06:33:50
2024-01-09 16:22:00,CNC-02,M,300.03112381783035,314.8435344150516,1800.751370702839,40.04721431009514,187.98633608725558,2.866326043002641,13.282095474775804,50.82219262999341,0,2026-09-03 06:33:50
2024-01-09 16:09:00,CNC-01,L,26.349417328788775,39.993531681009586,1597.1401855961387,42.60306851828102,42.56469449314442,2.183698543269367,12.867264278399631,52.62296971660811,0,2026-09-03 06:33:50
2024-01-09 02:24:00,CNC-02,M,298.4180238600442,311.7432438143499,2609.005702868928,19.87857342567943,183.32687845843617,3.774696704221507,9.620321645098866,52.902773938940044,0,2026-09-03 06:33:50
2024-01-09 03:40:00,CNC-03,H,297.36018642333096,312.067694738811,2395.360326474128,29.219021332165216,260.67945540461574,4.008500802081867,13.037283821574025,58.93752296299277,0,2026-09-03 06:33:50
2024-01-09 17:47:00,CNC-01,L,27.021990133021916,41.00397210369249,2053.8108142278525,31.05326786567208,179.9724715371833,3.222177421899624,11.92541532058535,48.56751786745591,0,2026-09-03 06:33:50
2024-01-09 13:22:33,CNC-03,H,297.7013527500902,312.0705938495631,1404.6071749190214,50.45349702078908,120.49316025145514,2.2655172925596716,13.039611143172031,60.22110354540265,0,2026-09-03 06:33:50
2024-01-09 04:25:00,CNC-03,H,297.0212916507254,309.98111620819566,2516.890734068037,22.66263641998581,44.56443192440549,3.1247571730709733,10.816353451849437,59.52831662659926,0,2026-09-03 06:33:50
2024-01-09 23:20:00,CNC-01,L,300.04888532425986,312.5506745370411,2685.4483011027996,0.0,153.940843606513,3.621119765478261,8.253662687364965,54.10725159396567,0,2026-09-03 06:33:50
2024-01-09 22:13:00,CNC-02,M,300.1153389090947,314.0272045359601,2453.218615277245,24.154794677067763,163.94582708494417,3.334289965068027,11.196007516634083,54.63474666117048,0,2026-09-03 06:33:50
2024-01-09 11:16:00,CNC-01,L,297.0680254579656,310.7855171728076,1340.3873739555515,51.90816578439107,42.64324739279177,2.094274171305817,13.312042574762895,61.094762743183374,0,2026-09-03 06:33:50
2024-01-09 19:49:01,CNC-01,L,300.6735176502168,314.60000762939177,2442.223457271104,26.05494093516332,135.05216196801902,3.2156747907353695,11.893306098246393,51.01853719172687,0,2026-09-03 06:33:50
2024-01-09 20:52:00,CNC-03,H,300.1347122578581,312.7546933040761,2569.2723401938374,19.384410036063837,23.129691162921084,3.0789865585564353,9.590313367663803,48.1595895190249,0,2026-09-03 06:33:50
2024-01-09 14:38:00,CNC-02,M,298.459200297797,312.6660395719485,1428.532112334196,49.859299016498,32.672893615076525,2.120940070655385,13.261366834060698,57.912770529194454,0,2026-09-03 06:33:50
2024-01-09 15:01:00,CNC-01,L,298.82092438326436,313.1214581102414,1627.5200594630992,43.01380453867639,167.59676503043258,2.7107230348783102,13.164672808147412,57.2964445511729,0,2026-09-03 06:33:50
2024-01-09 04:11:00,CNC-03,H,297.0225334621236,309.5917114460644,2336.658395357155,21.123322052675796,27.601491829567543,2.9106978451815224,9.318734464298918,58.56070876042162,0,2026-09-03 06:33:50
2024-01-09 06:32:00,CNC-01,L,295.79404109946944,309.0787040582811,1921.5918117601086,31.43297186788396,58.89344168989533,2.4558326108687734,11.382150269218842,61.225613360348255,0,2026-09-03 06:33:50
2024-01-09 07:34:41,CNC-03,H,295.9043163298098,310.19142706482427,1858.242702592024,39.87182286731212,65.7827813130599,2.5281487376800467,14.039736261066714,59.47386252767429,0,2026-09-03 06:33:50
2024-01-09 13:41:00,CNC-03,H,298.3728220590847,312.4692630284288,1320.6989189819726,50.614583833802314,147.40226225944528,2.282573811925371,12.54974901034291,58.54061114488066,0,2026-09-03 06:33:50
2024-01-09 04:32:00,CNC-03,H,296.63977626720254,310.2001282099874,2345.036863555138,28.116740951066916,53.14508627808548,3.036297464949482,12.332332041456443,56.480113052032884,0,2026-09-03 06:33:50
2024-01-09 02:16:00,CNC-01,L,297.4439767915921,311.0368173139722,2560.5172739772324,23.12405667664266,154.11376292532893,3.4986240247530693,10.661226334401904,55.61699497057877,0,2026-09-03 06:33:50
2024-01-09 13:44:00,CNC-02,M,298.32174165978586,313.30271395510516,1451.0697078907494,52.259923540118045,188.0047968191045,2.655535716732704,13.952753421755979,53.46811822432647,0,2026-09-03 06:33:50
2024-01-09 20:22:00,CNC-01,L,300.65342772978437,314.6801591257681,2282.748802880476,28.181713966063136,174.43387176031655,3.39851952954626,12.1004814887966,45.984717303768555,0,2026-09-03 06:33:50
2024-01-09 00:10:00,CNC-02,M,299.22014365113387,310.67653214867346,2636.4167393159337,13.983747325527679,39.01917620783761,3.2006239102231238,6.782212136607733,50.58520512925481,0,2026-09-03 06:33:50
2024-01-09 20:18:00,CNC-01,L,300.5916134276692,314.47985109078877,2363.6754801065686,25.5639859734137,169.70730040235753,3.407593159377496,11.122970687947205,53.509285178285644,0,2026-09-03 06:33:50
2024-01-09 18:48:00,CNC-02,M,300.58878817940837,315.0864911477491,2090.7880214214665,31.956140537349814,178.07813833585237,3.1388041087885123,12.312876134565597,49.88064011770786,0,2026-09-03 06:33:50
2024-01-09 03:37:00,CNC-01,L,296.9692998508407,309.7206097506116,2395.602299363349,22.275550718510317,55.24727774367455,2.9562704180359307,9.885889269375557,56.33979762414875,0,2026-09-03 06:33:50
2024-01-09 01:50:00,CNC-02,M,298.86688579994785,311.395484809085,2627.673323564242,17.39293103630397,145.9012872723979,3.4031743129190954,8.660183855958216,59.212279486018375,0,2026-09-03 06:33:50
2024-01-09 02:55:00,CNC-01,L,297.03392549665483,309.7520191181606,2503.719579960819,22.134466085191036,6.780782573213429,3.102868722406839,10.117608165771319,56.721231980675256,0,2026-09-03 06:33:50
2024-01-09 17:02:00,CNC-02,M,299.723289128941,314.0654166909434,1897.1664939087816,40.19815971557515,36.58913700020994,2.4802694267080945,14.162307775133456,47.55264747013493,0,2026-09-03 06:33:50
2024-01-09 06:33:00,CNC-02,M,296.62680381249606,310.8615477960248,1899.3115404715522,38.68889745860155,6.853649367416377,2.5043326453649293,13.86243440961438,55.878704777216235,0,2026-09-03 06:33:50
2024-01-09 21:38:00,CNC-03,H,305.54752352174177,312.1118642992384,2507.3943079181586,20.39840910991736,75.25356168288732,3.0504045084736906,9.443247694990875,39.25519261900537,0,2026-09-03 06:33:50
2024-01-09 13:07:00,CNC-01,L,298.04433488220064,313.2746926218769,1347.9887947067245,58.37158862975458,218.64811720583597,3.0668311156795216,14.45010145047938,55.780856207222826,1,2026-09-03 06:33:50
2024-01-09 09:48:00,CNC-03,H,296.1377984109637,310.45595977157285,1625.148070262947,46.38837980727099,49.31265118429711,2.239547722597609,14.084175882680457,,0,2026-09-03 06:33:50
2024-01-09 16:46:00,CNC-03,H,299.6421768970938,314.40042727993006,1809.4109963779745,41.33225319793313,164.6837511378066,2.7575105832266873,14.078480065383614,50.52041226245231,0,2026-09-03 06:33:50
2024-01-09 18:10:00,CNC-02,M,27.42903512268299,41.453525779965446,2201.1679722373656,28.368295951705143,128.9113800065699,2.8494589033821205,11.452919133978554,49.75817367069703,0,2026-09-03 06:33:50
2024-01-09 19:13:00,CNC-02,M,300.665309496409,315.6914847986524,2109.0770194987113,34.842955126690036,209.51153662157188,3.2934858800390527,13.958495149456315,48.71990218527874,0,2026-09-03 06:33:50
2024-01-09 22:31:00,CNC-03,H,305.3524593356373,312.44885330395334,2629.8128062883206,20.690645518893216,133.58937957312898,3.302181057980336,10.415776842211464,40.68284273750817,0,2026-09-03 06:33:50
2024-01-09 16:36:00,CNC-01,L,299.836091938275,314.39829955844954,1976.9968365307227,38.63970648743856,81.20732553301289,2.5261422275895606,14.351762356192841,51.956802566236696,0,2026-09-03 06:33:50
2024-01-09 01:36:00,CNC-02,M,298.6491570059607,311.3591894048745,2602.5823606085974,19.130051045895744,130.78849235953243,32.40949105070697,9.231807620567334,53.260932147983326,0,2026-09-03 06:33:50
2024-01-09 04:44:00,CNC-01,L,296.31410480801037,309.8112534017086,2328.266253034557,26.608958994990186,136.12389647620302,3.133435194714494,11.35597195278298,55.89384895275759,0,2026-09-03 06:33:50
2024-01-09 16:01:00,CNC-03,H,25.993023763462645,40.18763393937979,1574.1445203659196,44.40551212051557,99.93637931985673,2.2805801491968603,12.981534915951732,54.67724866860391,0,2026-09-03 06:33:50
2024-01-09 09:34:00,CNC-03,H,295.83502200850916,309.808847639501,1665.5312960231438,43.22242473037904,27.623531498420377,2.3781359342221364,13.708329776845035,58.127088735392526,0,2026-09-03 06:33:50
2024-01-09 15:10:00,CNC-01,L,298.4861406786003,313.47589156124536,1540.400975763817,49.58496702101056,181.17048991324265,2.7478035881364518,14.20822189083788,54.32330498335635,0,2026-09-03 06:33:50
2024-01-09 22:37:00,CNC-02,M,299.99887460544454,313.27866505304814,2672.700511681132,19.90358308680336,189.8508577982737,3.7949943821726273,9.982973567145255,51.44600043672166,0,2026-09-03 06:33:50
2024-01-09 02:45:36,CNC-03,H,297.7290501618045,311.66752883152145,2613.2532368076027,23.640344523807663,197.8548956546167,3.6448240089242585,11.341395511171049,56.27509259470959,0,2026-09-03 06:33:50
2024-01-09 19:46:00,CNC-03,H,300.69838501467075,315.25835611104884,2287.2228724807096,30.137884098193567,168.08135821456892,3.159994576921359,13.027958810452558,51.647196715218264,0,2026-09-03 06:33:50
2024-01-09 08:20:00,CNC-03,H,295.9321588501799,310.53649943030695,1572.0868785693553,47.66139916020427,132.92772932259737,2.4414246074745796,14.177700749491882,58.58641671812173,0,2026-09-03 06:33:50
2024-01-09 17:28:00,CNC-03,H,26.40460866475155,41.930908379873244,1908.2947577445364,43.5695005554756,223.30587041921677,3.2564125759787177,15.598380977225323,52.80633325931757,0,2026-09-03 06:33:50
2024-01-09 08:28:00,CNC-02,M,296.61536218996696,311.5412210400337,1626.240608976244,47.30591713101346,171.4770795173332,2.6838000484939806,14.401008199562412,2340.403076403805,0,2026-09-03 06:33:50
2024-01-09 19:34:00,CNC-02,M,300.77044370375836,315.7447315438681,2355.6022403530446,29.47130938073158,235.2099146808801,3.8931902757502406,13.052312356318298,45.73607084710137,0,2026-09-03 06:33:50
2024-01-09 21:53:00,CNC-02,M,300.2336574586301,314.6091712739943,2590.7852105576394,25.032082253213872,142.1643828643751,3.3758653583111724,12.16092852972185,49.20792427850172,0,2026-09-03 06:33:50
2024-01-09 14:16:00,CNC-02,M,298.46414788124156,313.7994736164508,1485.810213932005,51.03683286300218,238.12108677779625,3.229800620879122,14.298230047623775,57.149102383819354,1,2026-09-03 06:33:50
2024-01-09 22:25:00,CNC-02,M,300.23789948670014,312.78033540944534,2662.408081824018,15.5629896687209,176.91994438946875,3.597682392236358,7.88805301800419,46.98809558646472,0,2026-09-03 06:33:50
2024-01-09 13:21:00,CNC-02,M,297.97899790221373,312.9800861072378,1459.671443585038,52.917129974412354,151.80582765755955,2.376058142855023,14.59535993805704,47.82411462668004,0,2026-09-03 06:33:50
2024-01-09 17:19:00,CNC-01,L,26.938678637302303,41.343093527284566,1837.5765699316041,39.87506731554155,141.72302283921334,2.7982382272104016,13.619537591289689,49.030833469149684,0,2026-09-03 06:33:50
2024-01-09 19:22:00,CNC-03,H,300.24693289058814,315.3763610718538,2132.2266106862326,36.51153790114088,138.78969573672603,2.9028547646108045,14.376378283675907,57.58516005653364,0,2026-09-03 06:33:50
2024-01-09 21:37:00,CNC-03,H,305.598393088819,312.19974054678363,2735.0437592196226,17.76528489201232,74.1282303253951,3.2582393861200485,9.240898980267822,41.096715515818104,0,2026-09-03 06:33:50
2024-01-09 05:44:00,CNC-03,H,295.96496819221596,310.2551419611239,1899.112796762356,38.16292084308495,144.45290044534133,2.7109630648826775,13.693635979038936,56.72637913177478,0,2026-09-03 06:33:50
2024-01-09 04:57:00,CNC-01,L,301.7912803855964,309.60841455782565,2236.7049910052274,28.358866964756665,152.2780494341815,3.154990521558655,12.212564048634116,46.90089788139125,0,2026-09-03 06:33:50
2024-01-09 22:49:00,CNC-03,H,305.2986999074966,313.1986106049044,2704.7036915479,23.531557245286674,152.9243068556789,3.3922561976464456,11.815861361404883,41.975021170714136,0,2026-09-03 06:33:50
2024-01-09 21:32:00,CNC-01,L,300.7971985643962,312.901538717929,2480.7969765208254,19.25882949826131,36.88726922844327,2.964737889789561,9.310528836560803,50.45008183775957,0,2026-09-03 06:33:50
2024-01-09 22:01:00,CNC-03,H,305.6886383757943,311.83421622938897,2654.1412071447808,16.778987265031358,100.73666665394069,3.208776508565046,8.372017303232345,39.42642627039665,0,2026-09-03 06:33:50
2024-01-09 14:43:57,CNC-03,H,298.47926011012436,314.0620520292325,1571.9171697196066,50.41821204774625,245.15605656820864,31.18226272971474,14.712507677714841,56.98099236709485,0,2026-09-03 06:33:50
2024-01-09 20:29:00,CNC-03,H,300.2508852003216,314.2492361244595,2494.2964776278686,25.176069209389823,219.17646443181107,3.7661075353080635,11.773874439490617,49.76788572302267,0,2026-09-03 06:33:50
2024-01-09 14:09:00,CNC-01,L,298.3420314295327,312.75345183059187,0.0,49.37850867902579,87.73874683481256,2.1730776129470626,13.886305885696078,52.818785912806995,0,2026-09-03 06:33:50
2024-01-09 11:53:00,CNC-03,H,297.33331055274925,312.71258756133875,1470.2011779473323,53.95689724116377,246.71600256327721,3.093402433986634,14.324639339594933,51.01025139647371,1,2026-09-03 06:33:50
2024-01-09 05:43:00,CNC-03,H,296.13943560959007,310.4861553241028,2085.173496884172,33.29703006512802,143.09387361871234,2.9257937022141327,12.965453834931335,61.320380924920045,0,2026-09-03 06:33:50
2024-01-09 10:36:00,CNC-01,L,296.65030432975624,311.2202707275022,1365.2883593903407,52.15377465981901,186.93927388975553,2.8524983209477215,13.15756492045745,56.7579786513133,0,2026-09-03 06:33:50
2024-01-09 15:00:33,CNC-02,M,298.7541259238787,313.44110584182846,1452.9498945207001,51.342909314801645,68.00591468533531,2.153756972239347,13.77813791471157,53.0657040308512,0,2026-09-03 06:33:50
2024-01-09 23:37:00,CNC-02,M,299.53017399570007,312.35618345949473,2779.4424649511006,14.933850107443819,254.15135190652848,4.533923854748663,7.690453425415368,52.654977919480686,0,2026-09-03 06:33:50
2024-01-09 13:44:10,CNC-03,H,298.3151220866538,312.9149097927566,1372.9601898581477,54.62230427133281,152.09613094304092,2.229301736729461,14.021668720178575,54.75997237100243,0,2026-09-03 06:33:50
2024-01-09 18:43:00,CNC-01,L,300.3520316868246,313.6624320191227,2192.462083429631,28.75328623220121,53.22829368222148,2.870470537297944,11.972383539571037,50.3983223530022,0,2026-09-03 06:33:50
2024-01-09 09:14:00,CNC-01,L,296.0700544949786,310.30672294438995,1535.0774367814379,46.908072017404905,59.35039535822947,2.1292015762459386,13.421431301843999,54.93881333562592,0,2026-09-03 06:33:50
2024-01-09 02:22:00,CNC-02,M,298.04041577891405,311.6524347550104,2519.500495174063,22.917374879057647,181.08092489472125,3.5357205485167444,10.82844863574804,52.50097862216949,0,2026-09-03 06:33:50
2024-01-09 14:25:33,CNC-02,M,298.43113037378,311.9976263297085,1340.0702084792838,48.252023498683656,13.981316211623154,2.0395415136922543,11.787569598432782,58.29163829528803,0,2026-09-03 06:33:50
2024-01-09 18:44:00,CNC-03,H,300.2326046508101,313.27758293205875,2060.384582254462,27.74662866055034,90.92923818936976,2.6673517386230174,10.831140760693003,52.93103703453516,0,2026-09-03 06:33:50
2024-01-09 13:39:59,CNC-01,L,298.40441352982145,312.71024926922587,1388.0620798893876,54.102980325166875,42.505377017090886,2.14446801074835,14.089052716322959,53.327370536556444,0,2026-09-03 06:33:50
2024-01-09 09:55:00,CNC-03,H,295.94986982545333,309.9923727705407,1498.9628778297163,50.361563613749844,60.32723364088467,2.0913324746786106,14.087373461619094,55.556187476864125,0,2026-09-03 06:33:50
2024-01-09 19:16:00,CNC-01,L,300.3257392629365,313.4269756013432,2290.59261360684,25.749819050113633,94.78872134981358,2.9542205950650784,11.069474935800708,57.06014878930025,0,2026-09-03 06:33:50
2024-01-09 20:42:00,CNC-01,L,300.2879868993105,313.9627586783268,2401.1756220572297,24.7655018824895,197.8016037402698,3.7280014466836193,11.100502546264867,49.66581342863762,0,2026-09-03 06:33:50
2024-01-09 18:40:00,CNC-02,M,300.4858016783806,314.1443530325287,2229.8598435979216,26.626488788356866,167.9008199585508,3.2062032812190364,11.241400940983485,49.74062077811888,0,2026-09-03 06:33:50
2024-01-09 16:05:00,CNC-02,M,26.26168000144287,41.356156025462155,1831.0028661789509,41.885447150501165,163.27369793895573,2.7051702303309533,14.254521178883499,53.1548067927094,0,2026-09-03 06:33:50
2024-01-09 01:53:00,CNC-02,M,298.58013471028704,311.62053386064383,2453.5980413658754,21.730826146401725,149.24739116326285,3.3390454033153656,10.148178201886457,53.90133267445815,0,2026-09-03 06:33:50
2024-01-09 08:14:00,CNC-02,M,296.1543378847808,311.42760692419023,1818.8045457849064,43.247347310872385,150.58892999248556,,14.499003984091093,56.594148413037814,0,2026-09-03 06:33:50
2024-01-09 18:53:00,CNC-02,M,300.49871802574586,314.8564161845986,2154.058104909682,30.152143734237395,184.37062572449074,3.2680116566151387,12.17087656203664,49.87063895986548,0,2026-09-03 06:33:50
2024-01-09 19:07:00,CNC-01,L,300.38931282354383,312.9997595757385,2259.2024547477,23.51504189585427,83.66413457627655,2.79243456747588,9.80587777051443,50.55819231956898,0,2026-09-03 06:33:50
2024-01-09 09:12:00,CNC-03,H,296.2361985396964,311.20642388614164,1656.035031689043,45.40052484524345,211.2587994429279,2.847521425205122,13.930048094425297,58.697009874516944,0,2026-09-03 06:33:50
2024-01-09 19:57:00,CNC-02,M,300.84599922401685,313.9479705499267,2485.0677515661337,22.995577360520997,9.544343641222087,2.9860045798313553,10.708329882016617,42.80770876848081,0,2026-09-03 06:33:50
2024-01-09 08:02:05,CNC-02,M,296.06101915877184,310.8731675569052,1856.3384311976718,40.48220348892445,134.25661229585762,2.6392667422492946,14.194135146319512,60.54469363832555,0,2026-09-03 06:33:50
2024-01-09 06:07:00,CNC-03,H,295.897707285888,310.4760998972139,1811.3879200905342,40.523727013569356,175.0101808075567,2.712842193556192,13.783218274317196,59.08053849534615,0,2026-09-03 06:33:50
2024-01-09 09:39:00,CNC-01,L,296.071673007849,310.77209129993025,1535.7330842714891,50.337617385741495,97.6394066583032,2.22423677048719,14.312954558669382,57.85025663799818,0,2026-09-03 06:33:50
2024-01-09 01:40:00,CNC-01,L,298.11637836445203,311.11989472309295,2657.7151591610523,19.362364683146442,,3.273815031792315,9.745881910458822,58.092953341932606,0,2026-09-03 06:33:50
2024-01-09 21:30:00,CNC-03,H,305.4127268863476,311.81279501288606,2449.330699455739,20.092513522153904,66.2853934413974,2.9422113757214947,9.124875951680348,42.825035617297566,0,2026-09-03 06:33:50
2024-01-09 02:48:00,CNC-03,H,297.55974642015553,311.9298913598265,2533.692612884419,26.27220406931477,201.28908869028533,3.7371280756601832,12.399136943012964,52.56634122333347,0,2026-09-03 06:33:50
2024-01-09 08:21:00,CNC-03,H,295.9279678041505,310.96689799724476,1648.5577066120472,47.865954052992926,134.40993194806566,2.490514691856175,14.607105037499002,57.74503259398008,0,2026-09-03 06:33:50
2024-01-09 21:56:00,CNC-01,L,300.705801421054,313.3295022331933,2553.3885663368164,20.53572158052912,0.0,3.125384018442745,9.626922485325863,50.140835316903136,0,2026-09-03 06:33:50
2024-01-09 09:07:00,CNC-02,M,296.4194073534604,310.48131311807333,1487.341252646839,49.311664092840864,1.5336796444363796,2.1076914102188544,13.810802560522234,60.93425292640465,0,2026-09-03 06:33:50
2024-01-09 20:49:00,CNC-01,L,300.4359747562523,314.2999736426113,2509.4475386519334,22.509257796643702,205.9249132559043,3.9709365787362705,10.634699051590045,52.32439304686007,0,2026-09-03 06:33:50
2024-01-09 17:42:00,CNC-01,L,27.17255776794383,41.316683414982606,1936.694660248543,34.721243516897545,173.17317557510208,3.0622746405767978,12.563307506069078,50.09886943527905,0,2026-09-03 06:33:50
2024-01-09 00:20:00,CNC-03,H,298.6605731599213,310.7929918277392,2726.950425753333,16.34676791497876,40.59643106031574,3.2571114716628866,8.419235657000524,54.34225310494114,0,2026-09-03 06:33:50
2024-01-09 19:02:00,CNC-03,H,300.4758796072222,313.6639478072002,2199.6171766589337,25.648531422742366,113.68043998063096,2.829126547834568,10.595553127945495,49.659466180970476,0,2026-09-03 06:33:50
2024-01-09 00:00:00,CNC-01,L,298.9129255460051,310.63227889407636,2542.9596990274736,,7.313733775777868,29.573853755812706,7.655968739152901,53.972876370798865,0,2026-09-03 06:33:50
2024-01-09 23:39:00,CNC-03,H,299.8823098421015,313.5063209225082,2649.7900991128718,21.339202164981682,206.24854084744723,3.8299475271045114,10.76486110879844,50.14178573069607,0,2026-09-03 06:33:50
2024-01-09 12:51:00,CNC-02,M,297.61116218620214,311.9285471016153,1311.5622668229958,52.060249710403866,104.52978453021453,1.9729485180626916,12.671328396808311,55.4332463040912,0,2026-09-03 06:33:50
2024-01-09 03:45:00,CNC-01,L,296.7685194762112,309.7654996625863,2407.044454731039,23.782547889793896,64.7117920285794,2.865786594455673,10.643911673094802,55.79438653844088,0,2026-09-03 06:33:50
2024-01-09 15:00:00,CNC-01,L,298.87505749941204,313.82057288980155,1551.374842894978,49.22153116917789,166.1199690559208,2.7204631351320594,14.167837336444776,47.70482868476904,0,2026-09-03 06:33:50
2024-01-09 14:06:00,CNC-02,M,298.33094737923983,,1355.5374429566202,52.28758943602873,222.6206860148052,2.957565514842993,13.416958149910192,58.45733620498743,0,2026-09-03 06:33:50
2024-01-09 12:22:00,CNC-02,M,297.3659823637753,311.166196495441,1334.4366145729514,48.16278648597141,58.66557740204018,2.0940836999188543,12.026059017022288,56.115577086193326,0,2026-09-03 06:33:50
2024-01-09 14:13:00,CNC-01,L,298.4177790800362,312.6585675813004,1420.1576010386561,49.404137265295326,93.99987228193642,2.107679200232952,13.276472303623388,52.9624636735427,0,2026-09-03 06:33:50
2024-01-09 18:28:00,CNC-01,L,300.31277996309535,314.19091746204833,2078.4294243038053,33.37995988460439,33.86074631392031,2.7356059756493036,13.080912721346742,54.88450135135235,0,2026-09-03 06:33:50
2024-01-09 12:46:00,CNC-03,H,297.5755375961408,311.64639334179697,1347.8578402887554,50.38134396933293,60.3949145820652,2.1182757219756807,12.747253060301095,54.566944790568094,0,2026-09-03 06:33:50
2024-01-09 03:49:00,CNC-01,L,296.37469767110474,309.6254994338146,2360.638796046876,24.426051622611833,69.51329989782805,2.9841989088072918,10.57432084404695,56.46980348242785,0,2026-09-03 06:33:50
2024-01-09 18:36:00,CNC-03,H,300.0443710016693,314.05694190394473,1962.9582891344805,35.786558854988094,80.55861269407104,2.6428901401911395,13.183849248013217,50.04703443458661,0,2026-09-03 06:33:50
2024-01-09 08:04:59,CNC-03,H,296.062272539643,310.1690346471849,1669.2192258887594,41.92950964169902,112.18323773094521,2.399697089092336,12.997633248983869,60.50571534462388,0,2026-09-03 06:33:50
2024-01-09 07:44:00,CNC-02,M,296.0892714064931,311.0150381413891,1753.2763609066963,44.958711362176416,106.63511935810237,2.3887677983210747,14.720929217824269,57.3102858003028,0,2026-09-03 06:33:50
2024-01-09 11:22:00,CNC-02,M,302.72671147992116,311.90747049467467,1411.8653548424263,52.9029138231702,212.5862017085048,2.870571835210218,14.218934235018237,46.76447614461904,0,2026-09-03 06:33:50
2024-01-09 06:44:00,CNC-02,M,296.51810827711313,310.48871891251923,1816.0504937259152,39.178557565946676,22.02248000778605,2.5211474318191898,13.323774033577166,58.11469292334856,0,2026-09-03 06:33:50
2024-01-09 00:07:00,CNC-02,M,299.0851060981755,309.83220550244005,2821.5411397871517,9.744805567497615,35.75353279333492,3.402902125799181,5.0404594480718785,55.073801994522405,1,2026-09-03 06:33:50
2024-01-09 11:46:15,CNC-02,M,302.4760079491287,310.31325196381107,1341.3599952744541,49.91857596533681,0.0,2.0169321524854653,12.793168679882248,49.383048868104375,1,2026-09-03 06:33:50
2024-01-09 09:19:00,CNC-01,L,295.95984469121635,309.7104960480219,1473.2976824320783,44.50460761531841,66.98363079796286,2.158342599949807,12.159410944095079,58.513594753314734,0,2026-09-03 06:33:50
2024-01-09 19:08:00,CNC-03,H,300.5398627654426,314.2995941374975,2216.398770471101,28.70567258398368,121.16336157217023,2.8558978966380866,11.993598002367486,48.143479648213074,0,2026-09-03 06:33:50
2024-01-09 07:05:00,CNC-01,L,295.70871555873606,310.49558099134856,1947.9511432972424,39.57918225804161,104.69481681841094,2.6999277346775585,14.422588365997948,57.59474279728065,0,2026-09-03 06:33:50
2024-01-09 09:38:00,CNC-03,H,296.05151808969634,310.38527542524383,1486.5090362733808,50.85397419573374,33.80712673326131,2.007879701758609,14.161330015850476,62.18087242037561,0,2026-09-03 06:33:50
2024-01-09 12:56:00,CNC-03,H,297.71826454807035,312.0025311049128,1366.969180836864,54.359827385960564,76.18176737607403,2.115485023521711,14.005149622439223,55.12297593949995,0,2026-09-03 06:33:50
2024-01-09 01:13:00,CNC-02,M,298.84941653736934,311.2847265760222,2607.851849527193,17.231235907892078,106.00591327617168,3.2575262348319742,8.45033426079585,56.53950207249387,0,2026-09-03 06:33:50
2024-01-09 00:12:00,CNC-03,H,298.8055595498552,310.8183112213404,2607.405122105794,17.701348181447703,32.09190581487347,3.0580025671230335,8.728360949866602,55.56893111381756,0,2026-09-03 06:33:50
2024-01-09 14:51:00,CNC-03,H,298.3958950893383,314.30557484530823,1654.2487986815051,51.06070737686302,255.8678295857187,3.4096778127329213,15.772535675017794,59.02081691517265,1,2026-09-03 06:33:50
2024-01-09 08:00:00,CNC-02,M,,311.6676714275212,1694.3446504505544,46.09860064438917,129.87849783257477,2.4414755121459537,14.873499503542753,57.86337029777845,0,2026-09-03 06:33:50
2024-01-09 03:13:00,CNC-02,M,297.88635993869764,312.57211459852164,2407.977819062781,27.559921548274186,238.84332021066427,4.040345974043403,12.493253304582828,54.98459696943225,0,2026-09-03 06:33:50
2024-01-09 18:12:00,CNC-03,H,300.14467672654706,,2136.573010123051,,49.338312623252015,2.705542729860434,12.261301996417682,54.599617236158736,0,2026-09-03 06:33:50
2024-01-09 06:57:00,CNC-02,M,296.4223987715687,310.48501848481396,1918.4397064923269,33.79072532768472,40.08542028619232,2.555683663367717,12.057992378157696,63.64904351012245,0,2026-09-03 06:33:50
2024-01-09 14:20:00,CNC-01,L,298.62967978527683,313.36261360710427,1585.275105422618,47.67127434430352,104.82292537217077,2.3212083813551545,14.203498530318514,52.41114221846816,0,2026-09-03 06:33:50
2024-01-09 11:56:00,CNC-02,M,302.64514949557287,310.38916585016716,1363.5296593801177,50.00994200040909,17.521585373051344,2.101992532209934,12.715425935606712,45.145663525864734,1,2026-09-03 06:33:50
2024-01-09 14:57:00,CNC-01,L,298.7448310488317,313.5711959647538,1445.1166016951754,51.9226314094195,161.5971908596246,2.527003436088091,14.394011056625752,51.70393409200283,0,2026-09-03 06:33:50
2024-01-09 21:51:00,CNC-03,H,305.3331758871075,311.6548849317248,2456.91554042973,19.266796684836546,89.75389431497896,3.0725733094836896,8.799518148767302,46.72785374525121,0,2026-09-03 06:33:50
2024-01-09 07:41:00,CNC-03,H,295.8531501897096,310.1864197039114,1613.6876228309848,46.583008754927086,75.81168043789413,2.2853889282487256,14.0442211462738,63.02627285912281,0,2026-09-03 06:33:50
2024-01-09 13:37:00,CNC-02,M,298.09857834250136,313.5341960991891,1611.2023317554742,48.84791843409328,177.01210509257695,2.6934570472431596,14.762186104429452,53.38915546874763,0,2026-09-03 06:33:50
2024-01-09 08:47:00,CNC-02,M,296.511598942059,311.64610346829943,1539.322835501718,50.3446404601664,200.3271345478266,2.881117845460325,14.55430986093902,54.26905880842145,0,2026-09-03 06:33:50
2024-01-09 01:15:00,CNC-03,H,298.64977115588385,311.1356585623552,2714.779789815861,16.44002923087325,99.1363654787848,3.347647386865046,8.324144249989263,50.176455060741205,0,2026-09-03 06:33:50
2024-01-09 16:21:00,CNC-01,L,299.63436455226093,313.24015410048537,1676.0372671883586,38.61732338696601,59.85977781191648,2.2776416313646863,11.82536555521439,54.15059844401011,0,2026-09-03 06:33:50
2024-01-09 10:18:00,CNC-02,M,302.1033271242842,310.45868063133014,1508.0663879229453,46.0121166361065,111.42657174509446,2.1868415905726986,13.123038510599573,43.92618391811228,0,2026-09-03 06:33:50
2024-01-09 11:10:00,CNC-01,L,296.98686735093014,311.20663135686834,1616.6371374459845,45.95366814532717,33.08060478625246,2.3125631670503024,13.895083859251393,58.2439628270507,0,2026-09-03 06:33:50
2024-01-09 17:58:00,CNC-02,M,27.29559027870073,42.69517480829995,1978.1423173841195,40.78381227973232,113.02186475717832,2.659397538094447,14.88744949369327,49.756946985191455,0,2026-09-03 06:33:50
2024-01-09 15:58:00,CNC-01,L,26.22981523874057,40.04162456321524,1585.3549349178886,41.81384786857752,26.614125905118463,2.271613933858045,12.393302260598086,54.93473953632812,0,2026-09-03 06:33:50
2024-01-09 18:44:00,CNC-02,M,300.5592621044495,315.3641218567971,2158.7214111374997,33.178518421394614,173.00655876943006,3.1098517381107498,13.293263600047347,53.16116757676066,0,2026-09-03 06:33:50
2024-01-09 16:48:00,CNC-02,M,299.53028172816454,313.54472279583456,1736.5063370482071,40.08498761630161,16.9803146684632,2.2773261700975365,12.95818214731672,52.17609060205699,0,2026-09-03 06:33:50
2024-01-09 03:15:00,CNC-01,L,296.8800216682407,309.0403275066253,2402.34824828007,19.663388844578094,29.741646016515645,2.8986556742384786,9.001870458093228,56.50628019883757,0,2026-09-03 06:33:50
2024-01-09 20:02:00,CNC-01,L,300.5152414623251,314.77116859866805,2311.206733768111,28.52651712993483,150.75587968464757,3.2430935255093325,12.482016187135876,52.68673906213107,0,2026-09-03 06:33:50
2024-01-09 02:03:00,CNC-03,H,298.2046060110066,311.50906781362016,2671.9241894636475,20.654203831080814,151.0319191355773,3.507356521583854,10.709196186097573,54.78796638357718,0,2026-09-03 06:33:50
2024-01-09 13:50:00,CNC-03,H,298.4143253148245,313.29937196348544,1508.6784066635225,50.544962290230956,,2.406993616032958,14.149753061265834,51.694321137715164,0,2026-09-03 06:33:50
2024-01-09 04:37:00,CNC-03,H,296.92685600905116,310.1750583877816,2240.019109100114,27.243993749158477,59.38545914379828,2.8418374493174654,11.508288761275455,55.48189506253961,0,2026-09-03 06:33:50
2024-01-09 09:13:00,CNC-01,L,296.1301741552759,310.18300901812614,1647.8746403296655,43.66674594940967,57.845328467314616,2.344832438795055,13.775550054080718,56.52216584952622,0,2026-09-03 06:33:50
2024-01-09 02:34:00,CNC-03,H,297.6061838348866,310.9723861288513,2519.6752490583813,22.465356499283846,185.47346754988774,3.4947936764969745,10.706714353419327,57.82743539374836,0,2026-09-03 06:33:50
2024-01-09 01:44:00,CNC-03,H,298.3116550150429,311.3876559354605,2698.723896140931,20.426088553919303,130.27359602730309,3.3937158368894704,10.302473968900886,57.125775661909984,0,2026-09-03 06:33:50
2024-01-09 18:16:00,CNC-02,M,300.55928815283323,315.8110703109012,2121.74836355923,37.66475164933767,136.7765835958128,2.815441409524101,14.912735885487033,49.75372813590704,0,2026-09-03 06:33:50
2024-01-09 14:50:00,CNC-03,H,298.897346169626,314.78032110497196,1557.8407698237745,52.63774285483159,254.3640712458081,3.3249812181868057,15.139493094598985,52.36341855867852,1,2026-09-03 06:33:50
2024-01-09 08:45:00,CNC-02,M,296.2661047811596,310.987419459759,1682.8047098861416,43.471718941141724,197.2512760613637,2.9769055587485767,13.865818018282038,55.260281492673165,0,2026-09-03 06:33:50
2024-01-09 23:44:00,CNC-03,H,299.8866983935655,313.210072449481,2585.7333383537703,20.740137267386363,211.58334027688224,3.598355224444227,9.866516986870964,51.747560549520145,0,2026-09-03 06:33:50
2024-01-09 21:18:00,CNC-02,M,300.1235264884194,314.2406556438632,2504.4255272823843,26.17426885538796,103.06407782346115,3.2581085795286713,12.127837320104609,50.11901698521902,0,2026-09-03 06:33:50
2024-01-09 04:30:00,CNC-02,M,297.299542099431,311.31740659951015,2268.7640479383126,30.080912688131775,76.08308782247595,2.9302742850289136,12.795566885008972,58.64879436012572,0,2026-09-03 06:33:50
2024-01-09 09:17:00,CNC-02,M,296.38289582702,311.7262046496615,1745.4444013046505,49.65852886044511,16.875515184538635,2.3878708238114283,15.998265378551848,56.488436830806954,1,2026-09-03 06:33:50
2024-01-09 06:36:55,CNC-02,M,296.35417599591875,309.53347809809696,2029.064423692214,29.33288772427391,13.626382971773838,2.6094126645226607,11.242082265570641,56.51798631025527,0,2026-09-03 06:33:50
2024-01-09 00:37:00,CNC-01,L,299.0184948592123,310.48492777658856,2732.630376824098,14.124515481295914,46.716431855599936,3.3297968374134457,7.127575505183852,52.11902351429098,0,2026-09-03 06:33:50
2024-01-09 09:30:00,CNC-02,M,296.3006361268485,,1517.7868203398434,49.37696092092901,36.85021941981877,2.2408830603540206,14.069637344140155,58.74936388346214,0,2026-09-03 06:33:50
2024-01-09 11:09:00,CNC-02,M,302.5457414349099,311.4772078432773,1391.2340630233457,54.181940241541774,192.0105823328009,2.6697695673838746,14.173544100481129,46.6670191480339,0,2026-09-03 06:33:50
2024-01-09 18:48:00,CNC-01,L,300.58503841077766,313.8096636824245,2265.3951512144504,26.4615582537875,59.54225327878747,2.818481116553717,11.207987509946104,50.612381087906115,0,2026-09-03 06:33:50
2024-01-09 16:26:00,CNC-01,L,299.39552106843735,313.390984496164,1671.980048539446,44.201718939691546,67.02819617331538,2.436506941640263,13.691617740144617,54.58962741313563,0,2026-09-03 06:33:50
2024-01-09 20:50:00,CNC-01,L,300.4626866164561,314.1704939504759,2591.306482342485,22.590508820042555,207.04868000054577,3.9661448514136417,10.96868322722625,52.29255458064174,0,2026-09-03 06:33:50
2024-01-09 21:15:00,CNC-02,M,300.4739611324015,313.7512634937587,2508.5601606246364,23.030244802517633,99.65240144153171,3.127289515835932,10.840787386078528,49.09863145204959,0,2026-09-03 06:33:50
2024-01-09 17:22:00,CNC-02,M,27.17410156619337,41.877823851599544,2019.3827209359672,37.83428838804885,64.20494355910867,2.7202787363436487,14.286150576074117,48.56966218977805,0,2026-09-03 06:33:50
2024-01-09 17:35:00,CNC-02,M,26.858712849632923,40.762391151990926,1889.5540583357238,34.821800141250144,81.97823088235154,2.5432233591424516,12.456353767411779,53.28143123753867,0,2026-09-03 06:33:50
2024-01-09 08:16:00,CNC-02,M,,310.7944251327978,1709.4550744596659,42.34441644257983,153.5215041554493,102.63871498627759,13.676807700574878,59.11565616764761,0,2026-09-03 06:33:50
2024-01-09 21:22:00,CNC-03,H,300.2264321139915,312.6093160920259,2661.6461365923374,18.77948731726086,57.21883411577479,3.2091132442204158,9.43077461139384,47.38646891464018,0,2026-09-03 06:33:50
2024-01-09 00:40:00,CNC-03,H,298.5197251718307,310.4374405450559,2735.8278530698985,15.596524955205096,61.83715489117487,3.2496827802584662,7.873120734521721,46.66473419895925,0,2026-09-03 06:33:50
2024-01-09 11:51:00,CNC-01,L,297.32452315660066,311.54615568095824,1307.1724543845687,51.953290354106684,98.19399694885017,2.1039879154347036,12.753681923744077,57.37169724036497,0,2026-09-03 06:33:50
2024-01-09 09:45:45,CNC-01,L,296.10996213891315,309.90895533947383,1318.1336533013816,49.33476010966099,108.61900790602625,20.625997104838167,12.025477518442699,56.03441969730382,0,2026-09-03 06:33:50
2024-01-09 11:54:00,CNC-02,M,302.76073175203965,310.44027472344254,1393.367948496547,46.73739401645853,,2.074835303377926,12.023003878623236,46.83735836236141,0,2026-09-03 06:33:50
2024-01-09 19:05:00,CNC-03,H,300.61452908653325,315.11419110613207,2254.7919667987026,33.206916803402976,117.42085354664744,2.870562886493743,13.802939588233675,46.12711895905267,0,2026-09-03 06:33:50
2024-01-09 02:34:00,CNC-01,L,297.55785189331704,310.0983906933707,2715.8378544454545,16.017174819314523,174.0205810854038,3.781171997389692,8.081882639643245,54.97515926953923,0,2026-09-03 06:33:50
2024-01-09 02:15:00,CNC-02,M,298.58086985869585,311.82678932202776,2554.0732962722122,20.961877750139788,173.23546826475706,3.5000908165725195,10.059601461000618,56.51145631353604,0,2026-09-03 06:33:50
2024-01-09 15:11:00,CNC-01,L,298.6643933162981,313.7813403370256,1633.6821170926567,48.45442172083946,182.68112148632247,2.888643455437676,14.912134671306045,57.04870503771398,0,2026-09-03 06:33:50
2024-01-09 02:25:00,CNC-02,M,298.0280184427303,310.5572161658234,2633.1487503579324,15.887091213751985,184.3815580903079,3.55876847432179,8.139655592693368,58.952055253575956,0,2026-09-03 06:33:50
2024-01-09 15:39:00,CNC-02,M,26.097043054873325,41.062671185971226,1668.7667244245877,45.10904117276226,125.06356038252079,2.4119175209622434,14.241566496317107,53.85516572315004,0,2026-09-03 06:33:50
2024-01-09 04:58:00,CNC-01,L,301.8810807785851,309.28214047428986,2207.285814212141,25.843232275958623,153.5395515698059,3.1448395987642344,10.781176249440652,51.100054731011966,0,2026-09-03 06:33:50
2024-01-09 13:25:00,CNC-01,L,298.3654564834574,312.3716013424517,1408.7906267004773,53.25902401949646,18.89302273359962,,14.201833771631188,53.806540429373364,0,2026-09-03 06:33:50
2024-01-09 11:36:00,CNC-03,H,296.8421569340069,311.97146240339265,1473.1263775230607,50.953952972836426,219.78932194328468,2.821445793621667,13.899298560500302,58.12583091525187,0,2026-09-03 06:33:50
2024-01-09 09:22:00,CNC-01,L,,310.495953358666,1656.934000147521,43.943464427171214,71.58614761771385,2.381420290468186,13.781750185947553,60.21320254494241,0,2026-09-03 06:33:50
2024-01-09 12:38:00,CNC-03,H,297.261768602638,311.54306275824143,1460.4398345245322,50.35164405477313,47.6848141917546,2.2061754835709912,,54.85092051085306,0,2026-09-03 06:33:50
2024-01-09 19:29:00,CNC-03,H,300.441569084127,314.47909093730794,2355.801829754106,27.279722687711068,147.44345444742763,3.131070407443936,11.923131610156316,44.60305208577606,0,2026-09-03 06:33:50
2024-01-09 17:13:00,CNC-02,M,26.904492442579965,41.076315171903275,1943.7572128687293,36.92207968130749,51.7163880130758,2.678482050922481,13.409883723534675,51.67566843849091,0,2026-09-03 06:33:50
2024-01-09 07:46:00,CNC-03,H,296.1672535411779,310.5661412611169,1675.0080601226405,43.59657432995159,83.05740418549617,2.32032484703456,13.752824419024211,55.95130181231495,0,2026-09-03 06:33:50
2024-01-09 04:23:56,CNC-02,M,297.5587749683185,311.5488544289234,2376.983790976187,27.856396936383355,67.68563868752427,3.0330962335193106,12.577394442497306,59.65574291862364,0,2026-09-03 06:33:50
2024-01-09 19:27:00,CNC-03,H,300.5502457222825,314.47079974191047,2317.8177655344666,26.377867905335346,144.94728417714708,3.0646985714362094,11.525228944532385,53.82554260629206,0,2026-09-03 06:33:50
2024-01-09 14:31:17,CNC-02,M,298.70379696249233,312.8406610133707,1472.6481151047003,48.05545527683917,23.32091137028161,2.2242176601853987,13.370163696034266,56.01049597089868,0,2026-09-03 06:33:50
2024-01-09 00:15:00,CNC-02,M,299.1182065302873,310.90327342280494,2617.665022949189,16.65206048721918,44.32937499422184,3.176010435494348,8.297485729654039,47.26418435648737,0,2026-09-03 06:33:50
2024-01-09 06:16:00,CNC-03,H,295.94297370809727,310.4348380920172,1953.1275079034326,35.80210577097292,187.25680821783064,3.0364016827940694,13.430088844742437,54.8029713293714,0,2026-09-03 06:33:50
2024-01-09 17:58:00,CNC-01,L,27.28810756230058,42.04508071761734,1913.2645973174715,39.44837565527361,194.63988693398593,3.133152320796829,14.150532075141358,49.50639869160553,0,2026-09-03 06:33:50
2024-01-09 01:48:00,CNC-01,L,297.9411706871321,311.1607810604646,2692.3690279076864,21.040104476900446,123.44202626656441,3.3343829850226125,10.630984156598497,52.975909648032214,0,2026-09-03 06:33:50
2024-01-09 17:24:00,CNC-02,M,26.85576374311904,40.88295338712601,1825.5775254817192,36.42370400866363,66.94885089939692,2.4057331965159197,12.350496909782807,49.85806167998888,0,2026-09-03 06:33:50
2024-01-09 23:43:00,CNC-03,H,299.67374136028906,312.52249961938173,2701.295839428808,16.627740999169887,210.48666904408233,3.858456707207537,8.145011017399357,49.27979043715697,0,2026-09-03 06:33:50
2024-01-09 23:50:00,CNC-02,M,,310.9545396771864,2566.433178946948,13.559587482399843,11.719449089661364,2.967972957129859,6.566531302853584,51.06633817673771,0,2026-09-03 06:33:50
2024-01-09 06:30:00,CNC-03,H,295.92407387627105,310.72036343912697,1803.3414374271804,39.483482666772865,206.36020383802685,2.9161212485688686,13.34773663189713,61.165003084808525,0,2026-09-03 06:33:50
2024-01-09 13:43:00,CNC-02,M,297.98347278134713,313.15381122390755,1471.8607475015565,51.284566243958764,186.44097474997423,26.256532630290216,14.3687122950181,56.89082358213273,0,2026-09-03 06:33:50
2024-01-09 19:32:00,CNC-02,M,300.47537669280143,315.56101044313124,2404.2670527490286,29.291944402767175,232.8435199755853,3.923316773436983,13.418494550271392,48.0281535080913,0,2026-09-03 06:33:50
2024-01-09 08:23:00,CNC-02,M,295.84138486416936,310.7041963008304,1604.0246222361834,45.91908714729855,163.9568369414611,25.482635781568636,13.922885858353089,64.94278886305868,0,2026-09-03 06:33:50
2024-01-09 11:55:00,CNC-03,H,297.0266361588888,312.0340413460432,1414.4475531361984,51.93190762644022,249.86016137732625,3.1209079766067016,13.860050050987129,55.6857019954435,0,2026-09-03 06:33:50
2024-01-09 10:28:00,CNC-02,M,301.9164385612042,310.7651591473764,1380.1016331244975,55.62049287019754,127.08645375659071,2.142636473190678,14.438149651407967,43.73060204573132,0,2026-09-03 06:33:50
2024-01-09 14:09:00,CNC-02,M,298.41997881871333,314.26680020100656,1469.2084983398217,53.56680143125652,227.2708482837286,3.008930731337402,14.845559481849632,52.31280941991663,1,2026-09-03 06:33:50
2024-01-09 17:15:00,CNC-02,M,26.730358213743557,41.32703757258935,1898.5192469365888,39.75779697191037,54.526827443236954,2.5516323676369628,14.256083079322657,,0,2026-09-03 06:33:50
2024-01-09 06:34:00,CNC-01,L,296.1794401741669,310.441799459296,1840.336150221886,39.402786398243045,61.69512803779346,2.4578346315297743,13.801413741073485,55.188144132085206,0,2026-09-03 06:33:50
2024-01-09 16:22:00,CNC-03,H,299.76213917871905,314.2804217105191,1561.7140928601948,47.8542236043691,130.50334166696393,2.395467880028954,14.368373960737248,50.09877293176832,0,2026-09-03 06:33:50
2024-01-09 02:12:00,CNC-01,L,297.8500857036745,311.5654949565621,2492.4844275441037,24.052997783867156,149.70556178884667,3.4508097216821154,11.041505662817531,55.36412425930795,0,2026-09-03 06:33:50
2024-01-09 16:33:00,CNC-02,M,299.93750331758065,315.58430798308916,1811.2163102485524,45.934513594626644,203.84970113438166,3.148343916595893,15.3685670081567,52.658479205356606,0,2026-09-03 06:33:50
2024-01-09 15:32:00,CNC-02,M,25.872801832334858,40.66778778946042,1569.5751785369503,48.44111692193717,114.73207220558291,2.3736073847865327,14.20571577572773,53.46905642720674,0,2026-09-03 06:33:50
2024-01-09 18:31:00,CNC-02,M,300.42829688150795,314.9802087590648,2185.3179629225947,30.856789658192145,156.30918579659988,3.031039874399115,12.752782001080984,48.08648356256239,0,2026-09-03 06:33:50
2024-01-09 17:02:00,CNC-01,L,299.7330435912682,314.3278671715029,1855.931817794451,41.374815226117725,118.12506754421425,2.5788929315146456,14.297670450524222,47.39127430384707,0,2026-09-03 06:33:50
2024-01-09 19:40:00,CNC-01,L,300.4678396862969,313.8433318672928,2286.923941238453,25.628110815110322,124.18669794078102,3.008457694726317,10.797260021986657,51.67357445792386,0,2026-09-03 06:33:50
2024-01-09 21:19:00,CNC-02,M,300.5434782901692,314.020049691444,2410.4059991123104,23.312882939138145,104.22398371418457,29.80302386608158,10.381532994007848,48.53512145480171,0,2026-09-03 06:33:50
2024-01-09 20:06:00,CNC-03,H,300.62755665955797,315.42042573834016,2345.8877412443194,31.163035538757242,192.23769645896502,3.232918799427398,13.517973579099651,46.470830502272676,0,2026-09-03 06:33:50
2024-01-09 03:24:00,CNC-03,H,297.6150812682334,311.6485546430806,2399.634939846753,25.328677720464583,242.34565684518245,3.8850917969993644,11.36333735937223,54.052423726562544,0,2026-09-03 06:33:50
2024-01-09 08:22:42,CNC-02,M,296.3521047373959,311.43438505463075,,46.25221279841327,162.47985300222842,26.248765024555308,14.426425824660631,57.379593746778575,0,2026-09-03 06:33:50
2024-01-09 22:43:00,CNC-02,M,299.7756886284034,313.6833138241789,2738.8964173451145,20.830127449521065,196.2842812024096,3.811355138342523,10.567302955507559,53.66273455945217,0,2026-09-03 06:33:50
2024-01-09 09:35:00,CNC-03,H,296.0248063952603,309.8163386640111,1527.654676270338,46.83620088998429,29.163682876245524,2.1597635786647666,13.335208516592324,56.12998754613295,0,2026-09-03 06:33:50
2024-01-09 20:18:00,CNC-02,M,300.58081588692727,313.4885559862334,2524.076801556139,21.487651447621808,34.302258209261446,3.0577707796279627,9.988975728911287,53.13709265973755,0,2026-09-03 06:33:50
2024-01-09 16:55:00,CNC-03,H,299.7435642583185,314.88212683156564,1866.1877907411897,40.92962143852396,177.37395427395435,2.750128469279133,14.171643816513509,50.40775432385873,0,2026-09-03 06:33:50
2024-01-09 18:09:00,CNC-02,M,27.17754249375315,41.43806568430438,2036.142510599575,33.52162384139382,127.64146493660084,2.8177330029311833,12.539101873406983,49.861580152078574,0,2026-09-03 06:33:50
2024-01-09 06:24:00,CNC-03,H,296.166163804845,311.0706047303413,2050.7149420552796,37.08239154703744,198.10270771322573,30.485794823126874,14.056607933731268,54.19357857823383,0,2026-09-03 06:33:50
2024-01-09 12:58:01,CNC-02,M,297.66564402117376,312.0525814122342,1467.8203606650552,46.620697339547576,115.48238636040988,2.268436724376744,12.895486774839512,61.33394356383777,0,2026-09-03 06:33:50
2024-01-09 08:49:00,CNC-03,H,296.2026074092028,311.1844743608197,1513.1481981077138,52.91688639309192,176.37359079794268,2.4511298790593297,14.613065851928003,61.19510825526589,0,2026-09-03 06:33:50
2024-01-09 14:50:00,CNC-02,M,298.39140441813674,312.7497712193426,1424.2958970429336,51.12332555937527,51.196509239358825,2.1963656507387728,13.849586592629642,51.48907647768963,0,2026-09-03 06:33:50
2024-01-09 19:10:00,CNC-01,L,300.514911928842,314.5424826043516,2299.396071740004,29.480633172043746,87.4236582943775,2.8957654567865974,12.87000105864265,50.519767629906326,0,2026-09-03 06:33:50
2024-01-09 09:26:00,CNC-02,M,296.4798574122573,310.27072788933043,1403.0786954165137,48.39249815791682,30.785662754782983,2.059552312118752,12.654498138104966,56.15006178998621,0,2026-09-03 06:33:50
2024-01-09 11:45:00,CNC-03,H,297.3867798427742,312.5944916424139,1371.2823390783471,54.95499436030392,234.06170038949006,2.8458041848063984,13.786994360893525,57.29688727400106,0,2026-09-03 06:33:50
2024-01-09 20:25:00,CNC-01,L,300.34680441710196,313.91434001160223,2478.547210252273,23.518136050435857,177.96767976671478,3.5767901914435773,10.73966032607305,,0,2026-09-03 06:33:50
2024-01-09 09:06:00,CNC-01,L,296.32162113207056,310.04634634858513,1438.7603030983325,46.65012709892587,47.210009298707305,2.1274687996185797,12.596788415640214,57.48270007734762,0,2026-09-03 06:33:50
2024-01-09 02:58:00,CNC-03,H,297.8690121133179,311.28765005040367,2506.6594607916286,22.25314676488196,212.72939085903081,3.630110606881213,10.548525582349935,56.481346937026025,0,2026-09-03 06:33:50
2024-01-09 10:49:41,CNC-02,M,302.50170407388964,311.009412686063,1315.7892971087922,51.23632110146436,160.38340437434164,2.298805068971274,12.628804948398692,45.701950832321714,1,2026-09-03 06:33:50
2024-01-09 06:45:00,CNC-01,L,295.9150036558062,310.0800621689344,1996.9536738769477,35.2087923613344,76.83119087551788,2.6379321655707644,13.526906802726392,60.98082774444978,0,2026-09-03 06:33:50
2024-01-09 03:29:00,CNC-02,M,297.57531417128786,309.7531125408644,2600.829335410451,18.03101348689849,3.4866475575336744,3.0656509500821896,8.726643972568723,54.93864967758926,0,2026-09-03 06:33:50
2024-01-09 03:40:00,CNC-01,L,296.94108169626327,309.87288982309605,2331.1968421399406,24.269581837743274,58.780103576506164,2.9477985450503583,10.732625082815414,59.067694358078974,0,2026-09-03 06:33:50
2024-01-09 08:58:00,CNC-01,L,296.0490265288555,309.88428412671226,1533.6478868015242,44.208470516901905,34.91032601051247,2.1850133899128394,12.915757704007495,56.55629268862579,0,2026-09-03 06:33:50
2024-01-09 05:20:00,CNC-01,L,301.5135815582687,310.3879984491493,2242.2964779935514,32.32548187061664,181.42745140671468,3.307424169408998,13.782180652250503,48.433597318652666,0,2026-09-03 06:33:50
2024-01-09 14:20:00,CNC-03,H,298.3199054432203,313.47226581068327,1550.1443864389228,48.33744808111967,208.16615281418618,2.6786495049309367,13.790263762480603,55.12054655012195,0,2026-09-03 06:33:50
2024-01-09 06:13:00,CNC-02,M,296.81565595182525,312.0776987259776,2132.396158862333,35.51540931822217,208.66309488801508,3.4893696095471207,14.22033116180819,59.85471357933494,0,2026-09-03 06:33:50
2024-01-09 01:24:00,CNC-02,M,298.89531301265504,310.75081720563804,2781.4378537119205,14.53126035677925,117.88060019634524,3.4128659124666254,7.491383298008814,53.97570198358806,0,2026-09-03 06:33:50
2024-01-09 20:43:00,CNC-02,M,300.9283209846001,,2378.9368287131124,23.21832063872323,63.367754690977975,2.985540074287671,10.59817318491075,52.792196740427514,0,2026-09-03 06:33:50
2024-01-09 14:44:00,CNC-02,M,,312.70447690028726,1541.7389996114205,43.72125397825761,41.82253562042493,2.1456749479637547,12.645845595357404,53.57257271881866,0,2026-09-03 06:33:50
2024-01-09 02:11:00,CNC-02,M,298.4466446939971,312.2798268162958,2500.839944435152,24.835049418878015,168.84796052863996,3.2923512464948614,11.454805964536595,60.11777991407128,0,2026-09-03 06:33:50
2024-01-09 00:41:00,CNC-02,M,298.9836619369014,309.85395778571905,2691.7550186191547,11.158120609250378,71.79538276291443,3.212892158110744,5.481903362150728,55.98172543779599,1,2026-09-03 06:33:50
2024-01-09 01:29:00,CNC-01,L,298.3222733302219,310.9823619988608,2664.318133004562,18.17690686979622,102.79340020573682,3.2465034642741006,9.127228944999848,55.45312514887668,0,2026-09-03 06:33:50
2024-01-09 05:21:00,CNC-01,L,301.44066401177594,309.8061216016693,2139.8045431154133,32.09128547857854,182.72211191581874,3.295836492627779,12.931678996375394,52.62572049032896,0,2026-09-03 06:33:50
2024-01-09 19:18:00,CNC-02,M,300.41211446981873,314.7592587938533,2459.223933219274,26.223543453791798,215.70270974744346,3.793686189845952,12.113005475148428,55.79766256922962,0,2026-09-03 06:33:50
2024-01-09 12:57:00,CNC-01,L,297.9859492801615,312.92138663597177,1420.1825221132146,51.89589829603477,202.79890974141824,2.939275151410358,13.639771712362034,53.52164190458292,0,2026-09-03 06:33:50
2024-01-09 23:18:00,CNC-02,M,299.8006500884726,313.91565703836795,2613.852529321009,22.787550371750307,233.87488158599044,4.26830210568352,0.0,47.49954449164845,0,2026-09-03 06:33:50
2024-01-09 17:04:00,CNC-03,H,26.62696981194,41.379692023485006,1758.7829379710224,41.850225318417024,189.91967742236477,2.7902243490869174,13.405622333830834,46.91400426823516,0,2026-09-03 06:33:50
2024-01-09 02:50:00,CNC-02,M,298.08843085592684,311.80489265053495,2598.021919157356,21.734015705635844,212.46754142776146,3.922999937672013,10.604465409473779,55.046826839042566,0,2026-09-03 06:33:50
2024-01-09 15:47:00,CNC-02,M,26.003379793384568,41.37934175830145,1775.6349283770762,43.089852523243955,136.90598133572436,2.674530632194547,14.35579209904146,50.68205306463212,0,2026-09-03 06:33:50
2024-01-09 18:13:00,CNC-01,L,300.4421028990688,313.9854220364834,2185.7249792052808,30.09232288457122,14.542599101813597,2.7594240345842507,12.31208360868835,50.360024397661874,0,2026-09-03 06:33:50
2024-01-09 02:47:51,CNC-01,L,297.5701739392541,310.2788938609829,2446.9983758994986,24.01571637425566,0.0,2.977906988827971,10.993114983411166,57.70367827846325,0,2026-09-03 06:33:50
2024-01-09 13:47:00,CNC-01,L,298.42275996689,312.01609623369876,1519.6948912501314,43.16169939636022,53.419137416524144,2.112048348120706,12.61493427970865,56.026303683679195,0,2026-09-03 06:33:50
2024-01-09 09:54:00,CNC-01,L,296.2943986712005,310.6784287892669,1376.6956428831365,52.99422928940525,121.13278139519353,2.1385654398851344,13.674453758359022,55.69383239879742,0,2026-09-03 06:33:50
2024-01-09 06:08:00,CNC-03,H,296.02645865664635,310.5636942596402,2058.3469494491655,34.10914215463705,176.34032633041474,2.9885749553044865,13.296209119137036,58.2106575315152,0,2026-09-03 06:33:50
2024-01-09 16:36:00,CNC-02,M,299.93011108174505,313.88031418463373,1819.5789453571379,36.78208951326034,0.0,2.38605617637038,12.554239641678675,47.273980149241794,0,2026-09-03 06:33:50
2024-01-09 00:05:00,CNC-01,L,299.0351873572219,310.2550740358203,2658.2447520992355,13.919106204816558,12.605929784372861,3.1604630640342934,6.627995852772948,54.60252056912597,0,2026-09-03 06:33:50
2024-01-09 07:10:00,CNC-01,L,295.9587080456948,310.1719227810082,1904.466805503297,38.0284182796245,111.78790478777522,2.670709675103371,13.788092494729678,60.72825701119696,0,2026-09-03 06:33:50
2024-01-09 04:00:00,CNC-02,M,297.1853613629159,310.70171825379947,2258.656694951637,29.276250399191134,40.18748513418724,2.7476827939235546,12.49346604151046,56.47460691617755,0,2026-09-03 06:33:50
2024-01-09 14:41:00,CNC-01,L,298.438206234733,313.1574722714175,1551.655874926266,47.996711332104134,137.09529052277009,2.429193052545469,13.64871572906758,52.14736338516845,0,2026-09-03 06:33:50
2024-01-09 18:54:00,CNC-02,M,300.402067939748,314.6596209138964,2121.7202194225574,29.822176280133903,185.64780283071642,3.2692995045010584,11.792580710252365,56.75909431292743,0,2026-09-03 06:33:50
2024-01-09 18:49:00,CNC-01,L,300.361745370694,313.5492604566359,2196.964683839771,27.765780727665277,60.82024797501141,2.8012968233098574,11.47223963859852,51.604772694005895,0,2026-09-03 06:33:50
2024-01-09 16:41:00,CNC-02,M,299.6722986060988,313.9781689670668,1797.8335460303472,41.60114496946981,7.087847011941597,2.535583498616605,13.92400073704022,50.68985350861942,0,2026-09-03 06:33:50
2024-01-09 23:49:00,CNC-03,H,299.591079696248,312.9348578291288,2737.7128586224417,20.319711648011218,216.96383117484083,4.032081705292625,10.512247107951543,52.19716156219546,0,2026-09-03 06:33:50
2024-01-09 02:36:00,CNC-01,L,297.38509410760923,310.6231976014373,2592.23531812505,21.461046361614414,176.31514991134847,3.6338910957109634,10.631961664518485,55.413598819828216,0,2026-09-03 06:33:50
2024-01-09 03:45:00,CNC-02,M,297.51722807347096,310.23906347628525,2367.636112457886,23.236763985779955,22.16274293185737,2.961401976807151,9.993999594869383,54.74052805532225,0,2026-09-03 06:33:50
2024-01-09 20:46:00,CNC-01,L,300.75037477487285,315.2485827157513,2389.714862635995,28.65126124390138,202.46779981768665,3.735946611405588,12.933750603542801,48.07537825888689,0,2026-09-03 06:33:50
2024-01-09 17:01:00,CNC-03,H,299.6883363412183,315.25338931059474,2033.127631706628,40.821315787112695,185.7433649435335,2.969708944601609,15.600644590847905,53.27610635025777,0,2026-09-03 06:33:50
2024-01-09 02:06:00,CNC-01,L,297.6961216698345,310.9812127796702,2686.3301386596913,22.20976676303541,143.09099437071447,3.489208086081062,11.116469340210617,58.077859134986,0,2026-09-03 06:33:50
2024-01-09 08:57:00,CNC-02,M,296.4553749540837,312.20865863629797,1719.3465996232,47.73976694850124,215.47869319826358,3.201221610499765,15.417782765157725,57.477073603845746,0,2026-09-03 06:33:50
2024-01-09 16:04:00,CNC-03,H,26.2372921824184,40.33939505675448,1626.185163538846,42.65872843662849,104.3907273168657,2.438928086700008,13.149389646224263,50.04258111354887,0,2026-09-03 06:33:50
2024-01-09 17:10:00,CNC-03,H,26.618470843286957,41.64000334740899,1856.548447176249,40.390334541074424,198.27792122356297,2.974891127007748,13.946888199516236,45.191787076661726,0,2026-09-03 06:33:50
2024-01-09 21:41:00,CNC-03,H,305.69281288181514,313.2610619030668,2518.65128344165,24.1099788629124,78.58045445027632,3.059313665440517,11.087662258452033,39.48353812427377,0,2026-09-03 06:33:50
2024-01-09 08:55:00,CNC-01,L,295.7683835909814,309.6488158509317,1511.7471537330173,47.1298391099589,30.37420347930189,2.071298036230507,13.659063490568458,59.784886167878184,0,2026-09-03 06:33:50
2024-01-09 22:12:00,CNC-02,M,299.99814632584923,313.5122943237879,2505.984224781129,20.881674846680244,162.81398595180738,3.412434634786645,10.019769122208029,51.724846574408055,0,2026-09-03 06:33:50
2024-01-09 07:40:00,CNC-02,M,296.51094622199645,311.0097424100904,1714.2225185280188,41.788503633293736,100.86763866581771,2.380657971185921,13.328568336089413,59.42438809381201,0,2026-09-03 06:33:50
2024-01-09 05:43:00,CNC-02,M,296.77131440435954,311.3188619091214,2017.885472251216,33.84282994493187,168.66112733224602,2.8892129715284183,12.674643322576237,57.03914513681537,0,2026-09-03 06:33:50
2024-01-09 19:54:00,CNC-01,L,300.4732756435441,313.8232919116549,2354.44518619227,24.8719680031316,141.08896837246175,3.2452043965402497,11.167899665037165,48.03615297999897,0,2026-09-03 06:33:50
2024-01-09 06:46:00,CNC-02,M,296.2945655228213,309.724514176337,1905.7333856754517,33.63012126680244,24.775296636044263,2.396529721603411,12.055220746250521,59.38212829675948,0,2026-09-03 06:33:50
2024-01-09 13:21:00,CNC-01,L,298.16426740858634,311.7333836483659,1379.0994758948848,49.74135072553637,12.561692754904723,1.9644034643032113,12.886682113346428,51.24429296974706,0,2026-09-03 06:33:50
2024-01-09 01:00:00,CNC-03,H,298.71432479079084,310.63425767461183,2726.85348329479,13.881165937644337,83.04211232005343,32.10184173303767,7.272850447662368,55.706042905748234,0,2026-09-03 06:33:50
2024-01-09 21:00:34,CNC-01,L,300.54631344514934,312.09702830806737,2572.150128656413,16.035125260943833,3.4332359866203612,3.186671699374487,7.645570141772288,58.87330971464973,0,2026-09-03 06:33:50
2024-01-09 02:17:00,CNC-03,H,298.2663487494019,311.76312943827526,2440.3725432156552,24.06675324839684,166.58345620363082,3.361458890979148,11.157074177148974,55.18132481653102,0,2026-09-03 06:33:50
2024-01-09 20:41:00,CNC-03,H,300.41480438375396,313.0874974143368,2447.954371352748,23.901048360909048,10.336684872132196,2.9875532159169396,10.920288392039508,54.564306142803865,0,2026-09-03 06:33:50
2024-01-09 09:03:00,CNC-03,H,296.1931873063183,311.49775387298484,1761.2520256122446,44.41370281310974,197.62432115495304,28.06119287639835,14.568815478513606,57.8192047870875,0,2026-09-03 06:33:50
2024-01-09 21:27:00,CNC-03,H,305.5622514186766,311.3640082062477,2521.4338994094815,17.07687504304773,62.89496092849648,3.165786632748384,7.946472534090214,46.4456068220621,0,2026-09-03 06:33:50
2024-01-09 09:18:04,CNC-02,M,296.19491869953157,310.25621866463104,1530.776662880491,46.19073113461451,19.958529987666683,2.226315775048816,12.992901291934935,59.86455688672828,0,2026-09-03 06:33:50
2024-01-09 15:11:00,CNC-03,H,298.7064610870219,312.66094079410453,1535.4044400312605,48.157241862764394,25.770198024992204,2.1856591241215453,13.775637508080642,52.205069220087964,0,2026-09-03 06:33:50
2024-01-09 06:24:00,CNC-02,M,296.50068246089114,311.44181726941997,1911.2599196815488,38.0651321786347,223.5496268311384,3.4278545728151624,13.487503785721483,57.44274442287624,0,2026-09-03 06:33:50
2024-01-09 15:55:00,CNC-03,H,25.9050142040698,39.94713351846224,1722.0621154781547,40.965464861435755,91.18624073447141,2.5035782851818995,12.99794025267717,51.71805766227151,0,2026-09-03 06:33:50
2024-01-09 19:56:00,CNC-03,H,300.262244268764,313.934733186628,2433.8990515518167,24.782553528282325,180.2225631304529,3.420446261664759,11.256776313277877,51.8982173584131,0,2026-09-03 06:33:50
2024-01-09 13:09:00,CNC-03,H,297.596999180507,311.84651227904016,1335.0397804192928,52.50127369737873,96.71221579840334,2.137570322194371,13.087785678098403,52.22434255039336,0,2026-09-03 06:33:50
2024-01-09 04:31:00,CNC-02,M,297.3400981344582,309.6979122127486,2274.614315262323,21.60911274725102,77.2956525446826,2.8715789762436366,9.337579831839687,57.51584636901925,0,2026-09-03 06:33:50
2024-01-09 03:31:00,CNC-02,M,297.627459836103,309.8975851076807,2455.7459139935013,21.585828797981215,5.800566516795289,3.053913802158344,9.632215667255362,60.61651225376482,0,2026-09-03 06:33:50
2024-01-09 17:50:00,CNC-01,L,27.348227594249295,41.92150164905081,2133.1238971479443,33.30019658354222,183.9271085155477,3.382893476311066,13.243533066546435,53.01313606790327,0,2026-09-03 06:33:50
2024-01-09 11:11:00,CNC-01,L,296.8086608263526,310.7518547039661,0.0,52.16273242044945,34.67832602535348,2.1221435310090775,13.457107663575052,57.19263180339573,0,2026-09-03 06:33:50
2024-01-09 02:24:00,CNC-03,H,297.8348815231292,310.6954034618903,2556.171184738689,18.889139094358708,174.33394201542117,3.421490452284383,9.150448605883785,52.53367531641909,0,2026-09-03 06:33:50
2024-01-09 02:37:00,CNC-02,M,297.74463579330677,10072.407495959218,2712.484037613307,18.967283908860097,,3.8944670360439666,9.721288389287238,58.68351008846899,0,2026-09-03 06:33:50
2024-01-09 00:40:00,CNC-02,M,298.9394043371997,310.8467476982186,2802.1028587309434,15.211631149499668,70.76538276291443,3.376967751116605,7.656889434558306,54.6523169296839,0,2026-09-03 06:33:50
2024-01-09 11:37:26,CNC-01,L,296.9578938767493,311.15802068034986,1462.2718824267547,50.79297943194671,75.88504118707854,2.288845758596161,13.924402326514503,55.99619004896888,0,2026-09-03 06:33:50
2024-01-09 16:29:00,CNC-02,M,299.8978917841741,,1620.398860015298,44.10029006422798,198.0813842879388,2.844902505659112,13.677757586067418,56.207307556166484,0,2026-09-03 06:33:50
2024-01-09 09:34:00,CNC-01,L,296.1751806911314,310.5614518684211,1519.1684680360067,48.09883998341839,89.95186046160379,2.242102836944594,13.81189744300334,56.0226098646401,0,2026-09-03 06:33:50
2024-01-09 01:40:00,CNC-03,H,298.39410642432955,311.0550626093679,2640.2622619682934,19.04418030962994,125.90558838715047,32.17320346886523,9.397355083595142,52.666359194962396,0,2026-09-03 06:33:50
2024-01-09 00:34:00,CNC-03,H,298.7482311982315,310.1726869373727,2738.849909570271,12.715806418651228,55.42367073735055,3.3464176387152706,6.2845805494147005,,0,2026-09-03 06:33:50
2024-01-09 22:48:00,CNC-01,L,300.4509995406743,312.2285320724809,2697.1232899811466,13.11493138588458,119.58984048584144,3.242811441664571,6.541859355981911,49.92518517905647,0,2026-09-03 06:33:50
2024-01-09 08:27:00,CNC-01,L,295.9956860408925,310.72240846360745,1648.2327138886596,43.781564547518016,223.67519504114335,3.3892602885727747,13.47054683731336,59.12891053604589,0,2026-09-03 06:33:50
2024-01-09 09:21:00,CNC-01,L,296.00974029359475,310.4335106863957,1550.382753283656,46.609523305491294,70.06851151298606,2.180729106501945,13.609040145274477,56.393352395172464,0,2026-09-03 06:33:50
2024-01-09 05:17:00,CNC-03,H,296.3898404776432,310.2854957937661,2170.3222145621107,29.970625425316616,109.60659701199796,2.899441032583701,12.03595920988524,59.55671218566031,0,2026-09-03 06:33:50
2024-01-09 10:37:00,CNC-02,M,302.3372951568786,311.1570897415007,1376.8211649391565,53.788430775505425,141.2466917257563,2.32362859028141,13.522351123451875,47.223698134781245,0,2026-09-03 06:33:50
2024-01-09 19:14:00,CNC-01,L,300.4919310071127,313.6648644903895,2251.988763844468,25.353380980695817,92.35626226073248,2.8472062609201134,10.824079162731683,52.9284605126142,0,2026-09-03 06:33:50
2024-01-09 19:48:00,CNC-01,L,300.59922790120044,,2356.5715270316823,29.534032887329467,133.86476292554045,3.057051664786094,13.06630738971817,52.55943295225508,0,2026-09-03 06:33:50
2024-01-09 01:57:00,CNC-01,L,297.6673197360677,310.1622171678489,2585.247670577198,19.473012064405065,133.256490978547,3.3458099611951084,0.0,57.753538300431,0,2026-09-03 06:33:50
2024-01-09 21:29:00,CNC-03,H,305.4693680949608,311.71906903799214,2676.901420178325,17.39844539072859,65.13105840287392,3.3061994822781866,8.84882094418347,42.198256158173,0,2026-09-03 06:33:50
2024-01-09 02:54:00,CNC-03,H,297.6627475278195,311.21626714458023,2636.928281015509,21.82600656137147,208.14421738421646,3.8008855622573288,10.838727656391114,54.41200945069619,0,2026-09-03 06:33:50
2024-01-09 19:06:00,CNC-03,H,300.6045130281195,313.9463900567343,2204.9270304331576,26.813702485436004,118.68131888009961,2.9251368987915756,11.225997463076373,47.39394010318206,0,2026-09-03 06:33:50
2024-01-09 05:44:00,CNC-02,M,296.73927147338196,311.34529616838574,2135.5463088797214,33.65658802183835,169.94932334861377,3.1161188694766095,13.457026024727565,60.17338666629072,0,2026-09-03 06:33:50
2024-01-09 00:54:00,CNC-01,L,298.9043890218451,311.5121355940812,2734.233843629464,18.344710761049555,64.82610905849019,3.3739325442570776,9.296602741483703,50.99290290215129,0,2026-09-03 06:33:50
2024-01-09 01:53:00,CNC-03,H,298.27307077639796,311.79505000553485,2579.8342943489674,23.185982105310032,,3.2349690152229407,11.145532661430591,54.013242960446,0,2026-09-03 06:33:50
2024-01-09 19:56:00,CNC-02,M,300.8359771698379,314.88360311558483,2256.16930484057,29.1342243543629,8.390202888372055,2.7959244324727104,12.204073285361043,53.21144405672412,0,2026-09-03 06:33:50
2024-01-09 14:21:00,CNC-02,M,298.4819013802434,312.43062337008246,1540.2577853538803,44.376325804578066,6.173950610187148,2.143668636620663,12.813292282701626,55.78843054104411,0,2026-09-03 06:33:50
2024-01-09 01:07:00,CNC-02,M,298.54012664415364,311.3493970213975,2643.9084624400607,,99.54274616358454,3.3498546953733674,9.847947913952675,58.194227151957456,0,2026-09-03 06:33:50
2024-01-09 19:33:00,CNC-01,L,300.6143232668767,314.64840358282635,2204.909165318265,31.478788274894384,115.78266356853803,28.822070271524726,12.982162620414043,53.3742693990049,0,2026-09-03 06:33:50
2024-01-09 18:22:00,CNC-02,M,300.20749257158633,314.86152388076954,2142.0123118230254,34.40476625368633,144.6375659338171,2.945629222815412,13.870920271984,53.33221120910938,0,2026-09-03 06:33:50
2024-01-09 05:04:00,CNC-02,M,297.0361238258823,311.0058291348722,2064.1497388853127,31.980270676715417,118.30973926261723,2.735626946522851,12.270240649291143,58.9652533788751,0,2026-09-03 06:33:50
2024-01-09 09:19:00,CNC-03,H,296.136039284217,310.0294080386741,1547.5550111989544,45.3792225919402,4.58974544347701,2.115605943797687,13.252994614780473,60.574253273683595,0,2026-09-03 06:33:50
2024-01-09 02:01:00,CNC-01,L,297.92604647121607,310.803330018544,2589.814485333186,19.55670888875395,137.66085656065763,3.3700490918164197,9.151402898715038,52.21696125940932,0,2026-09-03 06:33:50
2024-01-09 04:58:00,CNC-02,M,296.9136121901007,311.03227954722354,2051.2129959004246,32.92165866384047,110.71363675258105,2.807225028235801,12.406887012163606,59.58475818257702,0,2026-09-03 06:33:50
2024-01-09 04:18:00,CNC-03,H,297.089770000575,310.0413618527133,2407.5383639878305,23.838846822160736,36.073796329826855,3.014329262022419,10.538788575060872,55.252791483378296,0,2026-09-03 06:33:50
2024-01-09 13:36:00,CNC-03,H,298.18312749084487,312.6393035085124,1346.202734013292,50.706135609551716,139.54483005016445,2.1206667970110695,12.515307733786418,52.82654134729986,0,2026-09-03 06:33:50
2024-01-09 06:17:00,CNC-02,M,296.7814122659276,312.2870380017358,2112.6781703737543,38.436900688458095,214.0248899194245,3.497925721712137,15.140458034643535,51.595442022225384,0,2026-09-03 06:33:50
2024-01-09 20:31:00,CNC-01,L,300.2752526212394,314.15760017625036,2463.359032059202,24.859840256001345,185.01302366026994,3.5682450488064865,11.561754922410572,52.433757040327166,0,2026-09-03 06:33:50
2024-01-09 19:54:00,CNC-02,M,300.3531985223333,312.7113739862995,2499.77586835889,17.967739907695478,5.973295780229555,3.1654276991888306,8.532034345365943,47.49348210852501,0,2026-09-03 06:33:50
2024-01-09 18:59:00,CNC-03,H,300.2237733160023,313.969912812762,2148.539010332029,31.835123218260502,109.90386559271116,2.713389359893449,12.804376700486088,53.11821555507018,0,2026-09-03 06:33:50
2024-01-09 09:37:38,CNC-03,H,296.0987614842417,309.78078964060046,1518.1972033552106,43.92691533710655,32.249237272774984,2.1728946328848187,12.746297973984866,55.06052551388494,0,2026-09-03 06:33:50
2024-01-09 16:04:00,CNC-02,M,26.614861768476942,41.95387238709594,1669.719079695179,46.67202106651995,161.8608081733071,2.5411059668105658,14.515647132335873,51.33019340198334,0,2026-09-03 06:33:50
2024-01-09 14:00:00,CNC-02,M,298.21172823520953,313.22317563371286,1461.0119323825752,48.43083527739526,213.1376835899808,2.8686379599000076,13.437126694393312,56.77137376118613,0,2026-09-03 06:33:50
2024-01-09 22:50:00,CNC-01,L,300.25467267532946,313.26116579533345,2581.6749710013896,22.030367399337923,121.76351036853713,3.253170149512068,10.67836148615119,55.60915141660011,0,2026-09-03 06:33:50
2024-01-09 23:26:00,CNC-02,M,299.5797787235563,313.192546450238,2773.6975493079976,18.4594528725505,242.38953666227908,43.67211762521163,9.31381257215742,54.88214260402016,0,2026-09-03 06:33:50
2024-01-09 14:13:00,CNC-02,M,298.4534002338142,313.8719193343857,1426.8956371045097,54.97996705095703,233.49577308895664,3.1689753303275876,14.495525759967284,50.6513819116603,1,2026-09-03 06:33:50
2024-01-09 16:48:00,CNC-03,H,299.7277341575527,313.64266096808393,1661.3536020969384,39.388443343791785,167.50821433911642,2.6364017693699857,12.58570045464488,57.84253406328856,0,2026-09-03 06:33:50
2024-01-09 06:16:00,CNC-01,L,295.9957119580292,309.1825984435019,1940.0957816770683,31.643460646742223,37.192677924480016,2.513218382514104,11.769942443426107,56.47245558127048,0,2026-09-03 06:33:50
2024-01-09 18:23:00,CNC-02,M,300.6308893457793,315.0687697143646,2209.2443266472233,31.297881144514285,145.92179249752124,3.0711727713386736,12.957923503234808,47.673278621580764,0,2026-09-03 06:33:50
2024-01-09 19:15:00,CNC-03,H,300.4258632810581,313.91801500405853,2360.5242603944394,24.385939455260264,129.97246712081122,3.142407848083852,10.732177158184461,52.9961231347965,0,2026-09-03 06:33:50
2024-01-09 00:30:01,CNC-03,H,298.68661437311425,310.7231187465115,2705.710141577566,15.73366650393521,51.21996897024987,3.2409690471060877,8.190249392251392,53.506897236521056,0,2026-09-03 06:33:50
2024-01-09 02:22:00,CNC-01,L,297.6005468148821,310.71870232783044,2570.3474461461533,20.57640914836752,160.79908646752295,3.5480085784311526,9.84145732383506,54.406936858855026,0,2026-09-03 06:33:50
2024-01-09 04:46:00,CNC-01,L,296.2915051116583,309.8103728359342,2274.0620670268304,26.625785968976857,138.5502794119706,2.977097817172872,11.251865177947812,58.38683785385819,0,2026-09-03 06:33:50
2024-01-09 22:11:00,CNC-02,M,299.9766731911384,312.19320599199034,2692.9216338626898,13.915086850646976,161.6774909988763,3.522947876009095,7.056579830004337,54.61399052469636,0,2026-09-03 06:33:50
2024-01-09 07:29:00,CNC-01,L,295.9996344332924,310.6842824836506,1750.9408658929085,42.7737612779966,138.91763031673395,2.712494642551512,13.971856398827576,63.03486304770389,0,2026-09-03 06:33:50
2024-01-09 16:39:00,CNC-01,L,299.5378091081778,313.69560451846894,1802.0855211795647,39.3997202620692,85.44590400545628,2.4253881206659584,13.4630743303777,54.154553712144676,0,2026-09-03 06:33:50
2024-01-09 01:30:00,CNC-02,M,298.6741640729483,310.69433603026135,2621.1445575130615,15.033796398562162,124.40460262453377,3.2733826541147817,,55.772108633676716,0,2026-09-03 06:33:50
2024-01-09 05:49:00,CNC-01,L,295.95049343879606,309.44345962828885,2121.723132290385,31.03346850768053,1.2822778843229106,2.7247111899249075,12.357729080359157,56.227836257966835,0,2026-09-03 06:33:50
2024-01-09 14:31:00,CNC-02,M,298.6246891306352,313.2792371073464,1561.8355030420046,48.42389401892061,21.748630000606234,22.141512643344388,14.273755945017891,52.29344221664606,0,2026-09-03 06:33:50
2024-01-09 11:07:00,CNC-03,H,296.7133860414341,311.56207440459593,1437.440272194251,52.96070038594202,173.93295574165,2.460359979790435,13.981663836352554,58.122282898844624,0,2026-09-03 06:33:50
2024-01-09 19:03:00,CNC-01,L,300.42076009184524,313.7107701079543,2325.4767115561804,24.88867101414702,78.56210455227203,2.8504154765379965,10.774968537507727,48.372430812043184,0,2026-09-03 06:33:50
2024-01-09 16:52:00,CNC-02,M,300.1071543357455,313.33383426041706,1733.2077763420202,34.535267933333174,22.68107533320255,2.472246535737197,11.182322014065154,51.11248289222845,0,2026-09-03 06:33:50
2024-01-09 20:03:00,CNC-01,L,300.6798495488856,314.48316277588395,2444.4272416493304,24.630571659097168,151.93452732392333,3.412514055057239,11.478671998323799,48.21518835718718,0,2026-09-03 06:33:50
2024-01-09 10:26:00,CNC-02,M,302.2935476020581,311.21216248720896,1646.2792923079903,48.01288157729973,123.90050824639951,23.74246835050458,14.783441680756873,47.04658967540789,0,2026-09-03 06:33:50
2024-01-09 22:17:00,CNC-03,H,305.65818616106407,312.41026832394334,2609.8522150649187,19.033959494161977,118.32872322962533,3.2706470855917265,9.142777209778583,43.40405261892983,0,2026-09-03 06:33:50
2024-01-09 23:43:00,CNC-01,L,299.7926731390279,313.7571985701534,2636.798657518837,23.801514318763395,178.15660558330165,36.03092142467534,11.621939730132176,55.11263473029923,0,2026-09-03 06:33:50
2024-01-09 16:27:15,CNC-02,M,299.4620143413072,314.93792216470104,1674.2382016445843,47.06239676962892,193.7582461651656,2.949838172465116,14.541234764358597,53.97437475472213,0,2026-09-03 06:33:50
2024-01-09 12:24:00,CNC-02,M,297.20996366749665,310.9093176569198,1263.7360200454564,51.21753007015953,61.847778192919044,1.9979444405487636,12.116534754195582,56.72764453538263,0,2026-09-03 06:33:50
2024-01-09 20:19:00,CNC-03,H,300.38196352976604,313.84357186275145,2411.4247330442217,23.080463791073143,207.35113692437,3.4184619333982935,10.741706751787326,53.08366127613429,0,2026-09-03 06:33:50
2024-01-09 06:17:00,CNC-03,H,296.28376326988524,310.926338274456,1913.2782501912213,39.52841667493288,188.6335835529124,2.8710076334842296,14.175586097566361,52.36081684836329,0,2026-09-03 06:33:50
2024-01-09 21:57:00,CNC-03,H,305.2266833940436,311.82770197136057,2554.133954966001,19.811996191499727,96.39733130190471,3.2639454632335605,9.37221811225583,39.021406246963956,0,2026-09-03 06:33:50
2024-01-09 03:43:00,CNC-01,L,296.9483750650342,309.7633353503266,2290.1535466816185,23.80599098881222,62.32466375090665,2.9713993577680866,9.79620771856939,54.38175911523058,0,2026-09-03 06:33:50
2024-01-09 18:55:00,CNC-01,L,300.4963847987165,314.074077970972,2176.067487211259,29.169456770757357,68.43428956078556,2.8755212224513538,11.630335832195408,49.504114554560964,0,2026-09-03 06:33:50
2024-01-09 04:33:00,CNC-01,L,296.70774920032403,309.9672427839108,2187.762890123328,26.37223676267879,122.6243806213295,2.9317514814785115,10.65160146908426,57.809180581017664,0,2026-09-03 06:33:50
2024-01-09 09:35:00,CNC-02,M,296.270210097373,310.12037638889933,1465.2283913645444,44.220396536308456,44.539049323069946,2.0782117278645758,12.057251131184866,57.66066421456904,0,2026-09-03 06:33:50
2024-01-09 06:06:00,CNC-02,M,296.7051896012605,311.71227161777495,2073.4406154547296,37.03672130817966,199.29833766589942,3.161373047174772,14.321646593580954,54.48612620150453,0,2026-09-03 06:33:50
2024-01-09 03:18:00,CNC-01,L,296.9812733756962,308.903965057348,2542.098821763043,17.16569822664371,33.13815073577444,3.1534181909117676,7.979360311938002,55.43538966856705,0,2026-09-03 06:33:50
2024-01-09 11:29:00,CNC-03,H,297.15021612377967,311.8011987910733,1369.8491053739394,53.49273305707366,208.81550557506856,2.5775917232200247,13.771515296581535,55.1263226238422,0,2026-09-03 06:33:50
2024-01-09 11:18:00,CNC-01,L,297.15034564491714,310.51271006189137,1306.422299701956,48.294148362610294,,1.9961478518456797,11.777038199672582,53.838169615231166,0,2026-09-03 06:33:50
2024-01-09 19:00:00,CNC-01,L,300.4000322000785,313.9316693617227,2043.5253119878912,31.419387530970223,74.89826178190192,2.6178638860093333,11.784061905589102,48.91261636121755,0,2026-09-03 06:33:50
2024-01-09 04:03:00,CNC-02,M,297.51088644773085,310.23893248394836,2350.2994938578277,22.028809331743442,43.76261015191837,2.8409569219886595,9.732554574556602,59.438639291460746,0,2026-09-03 06:33:50
2024-01-09 08:36:00,CNC-02,M,296.4226279586505,311.24753727372143,1548.32358666801,46.85367663130906,183.5947184371807,2.607945772825165,13.318360042250093,56.32097887281958,0,2026-09-03 06:33:50
2024-01-09 10:25:00,CNC-02,M,302.04432318858807,310.0260996333649,1663.599755378987,39.458376467310494,122.38155872837837,2.382908651827161,12.541881637836003,53.60411116927655,0,2026-09-03 06:33:50
2024-01-09 08:05:00,CNC-01,L,296.01853241662735,310.81189670870106,1819.563843981321,42.085708491417634,190.94222547776008,3.1463290949032974,14.35256331268506,57.882384405156095,0,2026-09-03 06:33:50
2024-01-09 10:17:53,CNC-02,M,302.0866565923822,310.39672586951355,1356.8044319249964,48.824399348156724,109.90010863584838,2.131535519043458,12.42009036495284,49.47941874898116,1,2026-09-03 06:33:50
2024-01-09 21:39:00,CNC-02,M,300.2869259059878,313.36072023235135,2762.0404304583976,18.783206804656647,126.63485031938534,3.4042465053976763,9.61585051897067,53.27035417301639,0,2026-09-03 06:33:50
2024-01-09 10:40:00,CNC-03,H,296.57186861446576,311.4852669424052,1524.5001968267661,50.61462056604078,131.156949944182,2.302543183204279,14.57451222762922,54.17508373154611,0,2026-09-03 06:33:50
2024-01-09 00:29:00,CNC-01,L,298.7499899310326,310.19650956462294,2731.7481000831285,13.77376801540586,38.062158933013926,3.3195571279388663,6.882699198525705,2147.4858294120627,0,2026-09-03 06:33:50
2024-01-09 12:28:00,CNC-01,L,297.6245769306582,312.69242655611885,1420.1673544229466,55.374497028130676,156.84364108126687,2.384688181819145,14.681076025809833,55.91470298334465,0,2026-09-03 06:33:50
2024-01-09 15:57:00,CNC-03,H,26.05604451253771,40.58261693424538,1656.5572608145947,46.228733607836624,94.14228603977313,2.309390899690455,14.052155091663993,48.69230190719104,0,2026-09-03 06:33:50
2024-01-09 13:04:00,CNC-03,H,298.0981786572397,312.411917918058,1356.7486909777995,54.14330533012118,88.82026180252598,20.355903028424038,13.638700691739075,49.47182037853341,0,2026-09-03 06:33:50
2024-01-09 12:49:00,CNC-02,M,297.54979888073353,311.9331463055593,1382.8979997090087,53.06374216676082,101.33498157405573,2.1786043041545042,13.60594949290527,57.21358718751735,0,2026-09-03 06:33:50
2024-01-09 00:08:00,CNC-03,H,299.3306907322484,311.92989760078245,2592.0190020822147,21.20099494663344,27.834535814594123,3.2129372441590927,10.211320092431388,51.76082214447407,0,2026-09-03 06:33:50
2024-01-09 06:42:00,CNC-02,M,296.2964895352231,309.930888530406,1904.6629137298119,34.82818485681639,19.165636733077147,2.542047294804682,12.550083952437452,57.567302188307366,0,2026-09-03 06:33:50
2024-01-09 09:31:00,CNC-01,L,295.97664996333486,310.6636063149643,1614.2854478076524,45.16298824098154,85.26933745352179,2.2609696822000567,13.683852809933128,58.70754086931543,0,2026-09-03 06:33:50
2024-01-09 16:09:00,CNC-02,M,26.63647603364467,41.86616422224614,1746.9906220485088,43.66864430229861,169.1271429803805,2.7038884700049053,14.399482391009778,52.2519809597927,0,2026-09-03 06:33:50
2024-01-09 22:36:00,CNC-01,L,300.2618882149391,312.7078679771084,2621.5180709511865,17.551424905552416,106.67262317868719,3.212334980851847,8.441856413200192,49.2151288630295,0,2026-09-03 06:33:50
2024-01-09 22:33:00,CNC-03,H,0.0,312.4924898968757,2537.015178690256,22.104561158323612,135.7417707764101,3.2169346234704985,10.4091214467953,37.18088512310429,0,2026-09-03 06:33:50
2024-01-09 18:01:00,CNC-03,H,26.75810100557709,40.62808651579303,2181.822938856779,32.29498888720475,34.89947283162677,2.7910537370346296,13.085660804731013,48.17213386503303,0,2026-09-03 06:33:50
2024-01-09 05:09:00,CNC-01,L,301.269578124243,308.8508248550765,2317.1624021852062,26.558339643157108,167.41006362541,3.368628335567062,11.231235440662013,44.676938277924364,0,2026-09-03 06:33:50
2024-01-09 16:53:00,CNC-02,M,299.9223210416706,313.73052852839555,1721.2936079852527,39.587473796128464,24.102278767157543,2.2372864193159954,12.663777411671163,49.39812759234992,0,2026-09-03 06:33:50
2024-01-09 00:09:00,CNC-03,H,299.1315443802845,311.00467292771526,2755.081490522093,15.140111966120237,28.871528877354354,3.3065016324984753,7.78340957148499,50.94197868440558,0,2026-09-03 06:33:50
2024-01-09 19:31:00,CNC-03,H,300.269937151268,314.6532906336605,2222.811618526266,32.480753660500525,149.92450081589186,3.0751630717061187,13.737973052866812,50.161116291585174,0,2026-09-03 06:33:50
2024-01-09 13:50:00,CNC-02,M,297.922997149009,312.5591723446227,1352.6704044543283,52.13103210588074,197.49501688116305,2.663009457983688,13.376016891117324,53.27790478894372,0,2026-09-03 06:33:50
2024-01-09 05:37:00,CNC-02,M,296.6863607117228,310.3625737861708,1970.201655364614,30.18000515160537,160.8503298697132,2.8934553637501494,11.116661534386386,58.68234820673358,0,2026-09-03 06:33:50
2024-01-09 01:45:00,CNC-02,M,298.63887142828594,311.8004525820038,2733.666002662771,20.19920205140025,140.49353331083898,3.365320377945472,10.289004356731244,54.391800642143224,0,2026-09-03 06:33:50
2024-01-09 21:44:00,CNC-03,H,305.4153568625251,311.8634989364842,2545.687855198129,20.112807388291973,81.90078513705586,3.1517971007262693,9.388078499435249,39.55378251280927,0,2026-09-03 06:33:50
2024-01-09 23:23:51,CNC-03,H,299.82049044118975,312.36840903245445,2778.5556020831455,16.110925928983875,189.1987378302812,3.7167818891645776,8.398921370128736,54.542085731217306,0,2026-09-03 06:33:50
2024-01-09 19:47:00,CNC-02,M,300.5993950952213,314.9010266635693,2226.174180745885,27.851301849012472,251.0248321772683,4.044314164489196,11.659960632151073,50.13512520652915,0,2026-09-03 06:33:50
2024-01-09 14:04:00,CNC-01,L,298.3458751879373,312.8176366057527,1525.396192743023,48.64862517482754,79.92922131886276,2.145300278828991,14.131775282505208,58.63358123613435,0,2026-09-03 06:33:50
2024-01-09 04:57:00,CNC-03,H,296.5093484260644,310.06867825780375,2412.800677014739,25.910438423987944,84.33063625320564,3.0344960695348933,11.507401027666317,55.22076692446913,0,2026-09-03 06:33:50
2024-01-09 08:07:00,CNC-02,M,296.50708069094674,311.03514472747673,1565.854581963213,46.66279545337781,140.24165294448395,2.3734666713735266,13.645199365769942,59.08174827416001,0,2026-09-03 06:33:50
2024-01-09 07:05:00,CNC-02,M,296.89073806873483,310.45605302322133,1864.0238648901493,33.72719937324435,51.338322259766514,2.406774324068559,11.822846443716019,61.64809305975733,0,2026-09-03 06:33:50
2024-01-09 02:29:00,CNC-02,M,298.4193227624516,312.85853600794655,2618.634034650397,26.35456501545368,188.7775108504569,37.37989273235469,12.428339784811756,51.68333502167911,0,2026-09-03 06:33:50
2024-01-09 05:06:00,CNC-03,H,296.45261214473555,309.9060668694552,2144.137352995395,29.368409292417688,95.74764080000533,2.8301320257131426,11.617768461589987,55.37223512210367,0,2026-09-03 06:33:50
2024-01-09 08:35:00,CNC-03,H,295.9747446800172,310.6394797012553,1650.9416817309163,45.04443758273425,155.23458628723043,2.5354906335129077,13.839186506091623,61.54526683324095,0,2026-09-03 06:33:50
2024-01-09 07:31:00,CNC-01,L,296.0607067098993,310.2108982802465,1801.896287845995,39.55427368299056,141.71460889607832,2.7542957926334966,13.352458932940214,60.559357122017786,0,2026-09-03 06:33:50
2024-01-09 14:02:00,CNC-03,H,298.31531979627243,312.87814863467395,1375.9004327142798,50.3100857935116,180.2781506178353,2.4624452721402865,12.899664063996601,54.60786100247945,0,2026-09-03 06:33:50
2024-01-09 13:35:00,CNC-03,H,298.3212473179042,312.2320939095065,1444.1060537629232,45.19688362529689,137.95248850001533,2.380082594257595,12.195015179946573,51.55436833090709,0,2026-09-03 06:33:50
2024-01-09 07:54:00,CNC-02,M,296.27303360985735,311.07551936909795,1733.2946773839278,43.455762597378744,121.07806434000359,2.4892558851974558,14.093887441714584,59.26167339245236,0,2026-09-03 06:33:50
2024-01-09 18:29:00,CNC-02,M,300.536660933132,314.79667896962576,2139.75664872612,30.395830064667503,153.74907895078323,3.0210568263870465,12.269571437551205,53.2236107183202,0,2026-09-03 06:33:50
2024-01-09 00:26:00,CNC-02,M,298.927000218044,310.78290211260395,2738.9303451912347,15.127208280191839,56.043732228424155,3.311064762886461,7.7878791990589145,56.22871653389178,0,2026-09-03 06:33:50
2024-01-09 16:31:00,CNC-03,H,299.62791813348707,314.0231130816897,1887.1228491548632,38.865172373615806,143.35171485291983,2.750047855975937,13.834835315814228,50.83825566341897,0,2026-09-03 06:33:50
2024-01-09 12:27:00,CNC-02,M,297.4166541292615,311.8668082880528,1368.684582019062,52.95044997333558,,2.1636211712839013,13.568926712682467,59.53447592969539,0,2026-09-03 06:33:50
2024-01-09 13:37:00,CNC-03,H,298.1948758417719,313.4717180519713,1561.545287426658,52.978280739778064,141.08190970498174,2.4643003208047416,15.596113761808068,53.92880428304134,0,2026-09-03 06:33:50
2024-01-09 07:37:00,CNC-01,L,295.7224044920461,310.67625796368833,1805.3002380242433,41.89372134709213,150.282995778603,2.697308680185626,13.981918086067765,58.65865140384178,0,2026-09-03 06:33:50
2024-01-09 04:13:09,CNC-01,L,296.6179826785987,310.8252763496808,2293.03429498677,30.30814784409284,99.67185791524986,3.000885722619184,12.88534911328474,56.59030129888007,0,2026-09-03 06:33:50
2024-01-09 04:11:00,CNC-02,M,297.39552112747157,311.00943044050445,2284.7392915365353,27.650444119958017,,2.8310538009624318,11.79232003832171,55.187677188719135,0,2026-09-03 06:33:50
2024-01-09 02:05:00,CNC-03,H,298.25989371337215,311.4382109478187,2634.37499952872,21.184208556297538,153.26281490485584,3.4404115710256833,10.626972013350843,49.48127272455697,0,2026-09-03 06:33:50
2024-01-09 07:54:00,CNC-03,H,295.9662936253528,310.9077290473193,1915.821508484057,42.053528230784075,94.6930831427023,2.556801985340899,14.871514030372676,59.993297403838845,0,2026-09-03 06:33:50
2024-01-09 07:36:43,CNC-01,L,295.776250185726,310.9527214244462,1826.1394915283977,43.41153767983447,151.71792468295732,27.446386542254412,14.923907119131936,57.70057959597266,0,2026-09-03 06:33:50
2024-01-09 17:43:00,CNC-02,M,27.096001137495932,41.172904728628,1919.3653615858595,33.91260044860175,92.76539002637874,2.5385283253420967,12.339864766893053,52.808888294226485,0,2026-09-03 06:33:50
2024-01-09 03:49:00,CNC-03,H,297.2920903092964,310.3269753986053,2387.7735496758037,24.593540659272307,1.191293069296023,2.9281103174001153,10.955203913151626,57.67684716076682,0,2026-09-03 06:33:50
2024-01-09 05:32:00,CNC-01,L,301.8236443753665,310.0050987415313,2223.63483421771,28.934197337425786,196.89813227136554,3.6416320710407324,12.314279781484265,52.74924129349965,0,2026-09-03 06:33:50
2024-01-09 20:34:00,CNC-02,M,300.3800282338447,313.1915511511857,2471.4268145647434,20.741771821117332,53.06863519984084,2.990101818869065,9.608585890460729,51.362544916503786,0,2026-09-03 06:33:50
2024-01-09 05:25:00,CNC-01,L,301.86295676258874,,2042.8897868573463,33.72762509407104,187.92529743683338,3.2878930539333826,12.765244235092997,45.800171012121936,0,2026-09-03 06:33:50
2024-01-09 06:04:00,CNC-02,M,296.7216081957883,311.281606800141,1922.107703180244,36.02526285847207,196.60181377415134,3.1937811324030627,13.031622010155834,56.18909567480694,0,2026-09-03 06:33:50
2024-01-09 04:03:00,CNC-03,H,297.1039894240074,310.12075394958555,2308.3366684034236,26.398357321258366,17.883903888954105,2.961703815246751,11.570393808194236,56.85621294684083,0,2026-09-03 06:33:50
2024-01-09 23:17:00,CNC-02,M,299.8402359074055,313.59248018289867,2833.884967339742,18.78684217014696,232.76687508035536,4.431141943563511,10.046796145861954,48.83983494629179,0,2026-09-03 06:33:50
2024-01-09 13:01:00,CNC-02,M,297.59552754103737,,1391.6193554652527,49.48375738731247,120.25847716151894,2.1282652582758943,12.653890071070588,57.17602512273691,0,2026-09-03 06:33:50
2024-01-09 20:15:04,CNC-01,L,300.28528066345257,313.7554129697833,2428.1171775356065,23.631596370899874,165.0102812447091,3.376084946738531,10.724981357296375,49.84664647802965,0,2026-09-03 06:33:50
2024-01-09 06:31:00,CNC-02,M,296.3990682807038,309.19605323145413,2017.079340879923,28.159574291195064,4.025714787371442,2.6587382461551026,10.325326767021926,57.8266170134345,0,2026-09-03 06:33:50
2024-01-09 03:14:00,CNC-03,H,297.5986937864109,312.0164803681729,2360.2665259163414,29.48394686113321,231.00768433781957,37.437595944475675,13.1374917222119,53.189869606163974,0,2026-09-03 06:33:50
2024-01-09 16:02:00,CNC-02,M,26.262930885525066,41.30921745190847,1861.8027246563538,41.61650071119684,158.89971744167937,2.9321852342528487,14.489592950770163,54.827331303513375,0,2026-09-03 06:33:50
2024-01-09 22:09:30,CNC-01,L,300.575784602326,312.51657957277996,2564.2216706656864,16.325322240122517,77.5473840939381,3.20560630460602,7.644634349756885,52.92755629804942,0,2026-09-03 06:33:50
2024-01-09 22:19:00,CNC-03,H,305.6000437568489,312.31114005151574,2611.6013729400634,19.383836824079033,120.46216462734681,3.331269807728651,9.425863706717891,44.05391666190289,0,2026-09-03 06:33:50
2024-01-09 05:42:39,CNC-01,L,301.4874433388831,310.9016743900488,1998.8416729959658,40.21006586479812,211.16233410149567,3.59691931197129,15.328783157854714,48.19150880536682,0,2026-09-03 06:33:50
2024-01-09 16:59:00,CNC-03,H,299.9261044148336,314.9835532249716,1889.3271599057377,41.45192617271799,182.99195712783967,2.9561780485813585,14.454964227159506,51.55761837151127,0,2026-09-03 06:33:50
2024-01-09 21:58:00,CNC-01,L,300.67826744803443,311.94985297640073,2656.6608753351074,12.296239005842763,65.60487422547907,3.255852606038916,6.130320662030956,50.527382114759696,1,2026-09-03 06:33:50
2024-01-09 02:28:36,CNC-01,L,297.2986421898852,310.9253008355408,2509.161129316762,22.67663026460313,168.62916765605766,3.609554297418712,10.492698685475183,54.14647238330698,0,2026-09-03 06:33:50
2024-01-09 08:37:00,CNC-02,M,295.97320630535165,311.2895496174236,1552.159942392369,50.386318990398586,185.123796536828,2.664988452164872,14.50870164505913,57.124944281921074,0,2026-09-03 06:33:50
2024-01-09 11:17:00,CNC-03,H,297.00023496532367,311.52344793214274,1340.4489191391942,54.03845854980294,189.75773878173962,2.493452552937377,13.40896687508245,58.33997741003535,0,2026-09-03 06:33:50
2024-01-09 14:22:00,CNC-01,L,298.4634269386624,312.51292344838384,1510.4065260396071,46.0617218126464,107.92603013777017,2.3236122250891023,12.941971343021857,54.583160519747665,0,2026-09-03 06:33:50
2024-01-09 20:59:00,CNC-02,M,300.1346852371179,313.03811367618493,,19.455851053409557,81.47601681293116,3.1955651468338795,9.155719999705486,51.36937061665689,0,2026-09-03 06:33:50
2024-01-09 01:33:00,CNC-02,M,298.94104522744607,311.1305780031361,2699.456350679777,15.166312245531415,127.60360464621274,3.3134576149015036,7.604509767999528,53.52420576734247,0,2026-09-03 06:33:50
2024-01-09 22:14:00,CNC-02,M,300.21346222043366,312.77751672831965,2800.129042398629,15.639587706294733,164.99538454875102,3.6401830807705546,8.516628183680929,45.11302751302487,0,2026-09-03 06:33:50
2024-01-09 03:42:00,CNC-01,L,296.70725149307935,309.36887182679027,2344.579803468448,22.31833091365274,61.121218647079395,2.7960982060587947,9.805029612309642,54.72822982310479,0,2026-09-03 06:33:50
2024-01-09 15:32:00,CNC-03,H,25.866378334434955,39.44547173374377,1644.2719079150145,39.31521827921307,57.20996486372291,2.2821490552932695,12.119115329726647,53.67131560219428,0,2026-09-03 06:33:50
2024-01-09 01:09:00,CNC-03,H,298.66778527776756,311.01472581076894,2667.8809616480694,17.182092074358245,92.72125261835357,3.263092397402034,8.446562598408883,53.03162663716178,0,2026-09-03 06:33:50
2024-01-09 06:36:00,CNC-03,H,295.94885829847556,311.6840632914659,1896.9575402466892,44.30826854046467,214.56629895330545,3.2009327288823064,15.922586283857665,62.361485813891115,0,2026-09-03 06:33:50
2024-01-09 00:25:00,CNC-01,L,298.85971740843365,311.897393029406,,20.100451460491527,33.86798976013848,3.3394877835643686,10.465184478148945,54.62352965680351,0,2026-09-03 06:33:50
2024-01-09 20:30:00,CNC-01,L,300.48483986855473,313.9152024762382,2558.3664677152424,21.417464940464793,183.82636291044,3.7437460898584156,10.27183905625754,51.93900710279004,0,2026-09-03 06:33:50
2024-01-09 08:24:00,CNC-01,L,295.7878400194173,310.4534653952111,1603.2941191549162,46.09889180652922,,3.334399792025296,14.015322161933053,57.73424634726577,0,2026-09-03 06:33:50
2024-01-09 18:21:00,CNC-03,H,300.2360397017773,313.84479748931864,2198.7970214528705,29.908635242774704,61.09528829471776,2.834002090056144,12.231567779611018,54.27060229764206,0,2026-09-03 06:33:50
2024-01-09 11:32:00,CNC-01,L,297.37841714321354,311.29390414111293,1409.2430672785054,49.38201557672843,67.97500858842199,1.9880018522800997,12.806630652283268,61.25410206198583,0,2026-09-03 06:33:50
2024-01-09 03:52:00,CNC-03,H,297.29515861147274,309.59388088716764,2325.8710984425225,21.671976694081575,4.7028232519985655,2.861789395327764,9.361329992188494,58.61256383256516,0,2026-09-03 06:33:50
2024-01-09 06:18:00,CNC-03,H,296.0811626947026,311.1573474660318,1970.5178876100067,39.17777317026963,189.9812399951661,2.9869679775324447,14.421372839806933,55.87152317631839,0,2026-09-03 06:33:50
2024-01-09 13:18:00,CNC-03,H,297.8350908663634,312.29487724142285,1455.721806960067,50.66393748637386,0.0,2.1950586802769663,13.850734765354188,55.84681284698173,0,2026-09-03 06:33:50
2024-01-09 15:30:38,CNC-01,L,25.944113472964034,41.13390827226948,1775.4128212085143,44.3178849633763,212.75442814287774,3.221394292550629,14.433336369488295,50.16090815062528,0,2026-09-03 06:33:50
2024-01-09 06:59:00,CNC-03,H,296.07397978125795,309.84545645533467,1972.4815434758084,35.06453213681468,16.362983859178527,2.5455722752521113,12.73509054587502,59.13766067736826,0,2026-09-03 06:33:50
2024-01-09 01:41:00,CNC-03,H,298.3370707641918,311.0259019777195,2658.2450226939523,19.018626124425857,127.00866277976554,3.306773883829253,9.280377948834712,56.58531830936892,0,2026-09-03 06:33:50
2024-01-09 05:10:00,CNC-03,H,296.494793687664,309.5778438867945,2360.483374520387,23.726248478498253,100.73412362081324,3.0731314123526086,10.239711332008023,59.73871984248145,0,2026-09-03 06:33:50
2024-01-09 16:26:00,CNC-03,H,299.6327977573725,314.26440354795255,,45.670573905822216,136.28896027750216,2.4344947250495217,14.113927855271731,48.865525458304106,0,2026-09-03 06:33:50
2024-01-09 21:36:00,CNC-03,H,305.5275657085727,312.2677804159268,2552.9322374406684,20.419049108459298,,3.0571372215654327,9.848308338001887,41.09003749348673,0,2026-09-03 06:33:50
2024-01-09 17:29:00,CNC-01,L,26.94496093497719,41.986843731554075,1723.1733419482034,44.76803439664955,155.47572958992583,2.763273712021136,14.15691694593304,52.277201702783536,0,2026-09-03 06:33:50
2024-01-09 18:24:00,CNC-03,H,300.03237701821223,313.68179396393737,2062.9192897157664,32.35947558378768,65.00571239482043,2.6006219240111204,12.518799381525263,53.339484022739285,0,2026-09-03 06:33:50
2024-01-09 02:41:00,CNC-01,L,297.3389693761704,310.9548404229361,2636.7149137447595,21.953709160349696,181.88663474288424,3.681257082338401,10.675378440970949,56.070944904398175,0,2026-09-03 06:33:50
2024-01-09 09:11:00,CNC-02,M,296.47190422263367,310.30927455056803,1616.14292530875,42.355191526041736,7.673942666579972,2.272487814237686,12.582762576866376,59.65602551692792,0,2026-09-03 06:33:50
2024-01-09 21:39:00,CNC-03,H,305.55453566033884,312.131448135636,2664.9814645890024,18.784720262115403,76.32911962264768,3.2643256991211507,9.39902040688994,44.49765584447066,0,2026-09-03 06:33:50
2024-01-09 08:15:00,CNC-03,H,296.01416397831963,310.59722899399577,1614.3730772487197,45.49589838760276,125.45364479942891,2.357850179816313,13.74030524417971,56.04322819002681,0,2026-09-03 06:33:50
2024-01-09 02:02:00,CNC-02,M,298.83353800832856,312.46144227617833,2494.6530456312003,23.20090997947645,158.89680046028346,3.410139741570621,10.839113967814772,50.584468131683266,0,2026-09-03 06:33:50
2024-01-09 17:40:00,CNC-01,L,26.91079316550696,41.373483101108775,2019.9028348921852,33.886931880629724,170.5152286574087,3.138332607661891,12.946279041830584,52.39032838465923,0,2026-09-03 06:33:50
2024-01-09 05:55:00,CNC-02,M,296.88752323722065,311.8669262709025,2072.550093310443,38.015809986571526,184.4633253702853,3.239017225041419,14.734559575430053,56.357308207169325,0,2026-09-03 06:33:50
2024-01-09 12:26:00,CNC-03,H,297.5401266972436,311.55451563040594,1434.5221268188636,51.3422017503668,28.596503009777507,2.1625365197815736,13.874406124308873,56.59825211151608,0,2026-09-03 06:33:50
2024-01-09 03:36:00,CNC-03,H,297.5262007317609,312.01563768807233,2506.9347843635323,26.53944376638426,256.0775653525689,4.250279908916013,12.532113917075382,54.81772492039662,0,2026-09-03 06:33:50
2024-01-09 03:52:00,CNC-02,M,297.35981515101724,310.75636476493287,2357.410212595664,27.70694671684658,30.449919803306283,2.8742986662947074,11.974149144195435,57.53829318558511,0,2026-09-03 06:33:50
2024-01-09 23:53:00,CNC-03,H,299.76997328920874,312.2721435306917,2835.5801024655952,15.400886108784386,221.21618870968405,4.045317993753032,8.335351294033007,57.75640598132798,0,2026-09-03 06:33:50
2024-01-09 10:37:00,CNC-03,H,296.3704935519277,311.02506620802836,1508.9110684474824,50.10312161684244,126.51492224742286,2.3258988064590786,14.25740014811956,58.635868182912255,0,2026-09-03 06:33:50
2024-01-09 14:24:00,CNC-01,L,298.4973234276395,313.1370523914302,1510.9993918391563,49.89916486006292,110.9811355465117,2.2941010830645983,14.010993885503002,55.1703990990479,0,2026-09-03 06:33:50
2024-01-09 02:27:00,CNC-03,H,297.8646072452608,310.9801123118785,2679.0023812000686,18.641099908625005,177.67173803043136,3.5899222364101244,9.231735891626027,57.834865386966804,0,2026-09-03 06:33:50
2024-01-09 04:32:00,CNC-01,L,296.2557762575112,309.47023353534723,2355.548669188632,23.397381033478766,121.36753019485296,3.203422058547871,10.124050878101786,59.27632402497096,0,2026-09-03 06:33:50
2024-01-09 12:35:25,CNC-02,M,297.47255875218616,311.7984422769407,1412.7135453929309,50.86009501838137,77.68474202372462,1.9841840882183548,,52.91524208419786,0,2026-09-03 06:33:50
2024-01-09 04:47:00,CNC-03,H,296.78191049437163,310.6334892573568,2244.6342300213514,30.49301783036694,71.92454979132188,2.824627542227356,12.736886682199584,59.1568880518349,0,2026-09-03 06:33:50
2024-01-09 03:33:00,CNC-02,M,297.5444398601611,309.9479823535678,,20.078821877715377,8.076899363674455,3.0296609857673507,9.531422895017778,52.80424972051219,0,2026-09-03 06:33:50
2024-01-09 01:47:00,CNC-02,M,298.7855323119775,311.7743475395139,2584.7619853911924,20.4097310239825,142.64286524757367,3.4704210595492633,10.216447006164252,52.6190059222093,0,2026-09-03 06:33:50
2024-01-09 00:11:00,CNC-01,L,299.0097951068161,309.92520322116957,2789.244358133179,11.1748825343977,18.8895308675574,3.279555343504321,5.789372427440573,54.02637523075591,1,2026-09-03 06:33:50
2024-01-09 23:48:23,CNC-02,M,299.3804522889975,311.40320629303204,2635.459508325109,15.464937254744486,9.603802204147359,3.237135312928785,7.829640818057328,49.7973469789636,0,2026-09-03 06:33:50
2024-01-09 01:18:00,CNC-02,M,298.6015985049475,311.41814175946166,2650.7742178865656,20.40612350458194,111.41391396989549,3.2780139262488213,10.168512083933052,55.65260711212555,0,2026-09-03 06:33:50
2024-01-09 06:05:00,CNC-03,H,296.30480860264487,310.8918103517558,2025.5492094151684,35.75328073431763,172.27397418495016,2.880563244019734,13.367302883172297,57.302548240753325,0,2026-09-03 06:33:50
2024-01-09 19:58:33,CNC-01,L,300.4078801030874,314.28618407966286,2369.1053031901797,26.637645760848503,148.32048979596408,3.3940212573940487,12.055523596173677,47.73810409237702,0,2026-09-03 06:33:50
2024-01-09 10:18:00,CNC-03,H,296.3528823780208,310.5425437831547,1346.9434318246608,53.28017789324021,96.56890651745594,2.0571631287208567,13.183897140006644,58.1898268800228,0,2026-09-03 06:33:50
2024-01-09 17:05:00,CNC-01,L,26.831542696200017,40.8961973259145,1803.6116463518345,37.64861234541703,122.2868412307776,2.585449246137195,12.849957931194334,49.40473131952394,0,2026-09-03 06:33:50
2024-01-09 21:51:00,CNC-02,M,300.3270818152145,314.2780810476874,2568.1587315657816,22.96596008012797,139.9300757245954,3.270895189830288,10.974825865242574,52.98557534577442,0,2026-09-03 06:33:50
2024-01-09 08:13:00,CNC-01,L,295.6776256623641,310.5738916112587,1552.3611742403714,46.37193625345958,202.81033461242708,3.0752706996477874,13.508905428551827,57.93529411129752,0,2026-09-03 06:33:50
2024-01-09 16:47:00,CNC-01,L,299.6382647724899,314.01491210086664,1794.5874533245913,42.232781703242175,96.96965601327526,2.5049669524916904,14.1378711647624,53.4762971880321,0,2026-09-03 06:33:50
2024-01-09 16:32:00,CNC-01,L,299.62462738089704,313.8683100967884,1734.618199605778,40.02585904206068,75.55503960803341,2.4070101243947457,12.954257362877154,54.945598834547326,0,2026-09-03 06:33:50
2024-01-09 12:40:00,CNC-03,H,297.6409088765722,311.29877449052697,1317.4665175495932,0.0,50.877132362698994,2.0001655940171803,12.400583601381843,59.12037647598024,0,2026-09-03 06:33:50
2024-01-09 10:28:00,CNC-01,L,296.64172568425755,311.2450808328735,1487.4501660613612,46.33109775720705,174.2898817929054,2.6925221194676023,12.957511444773663,57.079884080180925,0,2026-09-03 06:33:50
2024-01-09 12:26:00,CNC-01,L,297.78489697638787,312.5313926551535,1460.347476798306,51.0203563662204,153.64364108126688,2.42898268791247,14.210904660339219,50.9278868571345,0,2026-09-03 06:33:50
2024-01-09 17:39:00,CNC-03,H,26.671809821125066,40.44178252705319,1993.329061793901,34.82912782319128,5.4133764671351905,2.517081948286474,12.889191498775137,52.46148925309922,0,2026-09-03 06:33:50
2024-01-09 13:09:00,CNC-01,L,298.04752200268103,312.6780122615979,1365.5081716026016,53.028878072614965,221.84811720583596,2.954262146012512,13.499389220677731,56.21073656959692,1,2026-09-03 06:33:50
2024-01-09 03:58:00,CNC-02,M,297.2812924700932,309.6818097484749,2342.2737034567267,19.853743337354718,37.739349080341896,2.9872698665022783,8.647441896809172,59.85862514480597,0,2026-09-03 06:33:50
2024-01-09 18:07:00,CNC-01,L,27.184051932190357,40.85066740157782,2107.919106571714,32.224142776834,6.549787588406192,2.7530617452020976,12.595392281174528,49.375483950735465,0,2026-09-03 06:33:50
2024-01-09 15:49:00,CNC-03,H,25.948553308835187,40.61290471250783,1702.5103382742218,45.6230922358033,82.4994198637684,2.3544058550249356,14.300320302610086,55.470562176647235,0,2026-09-03 06:33:50
2024-01-09 15:13:00,CNC-01,L,298.91222698370086,313.82800682425176,1564.3748954297457,49.40538425730543,185.72583194358953,2.8593496401753464,14.515221146905573,55.36322865254968,0,2026-09-03 06:33:50
2024-01-09 02:40:00,CNC-02,M,298.2112258338601,311.7233654596973,2622.7997805878067,22.274792093047775,201.10966460416705,3.8037330716108686,11.056313918845069,55.307056010944,0,2026-09-03 06:33:50
2024-01-09 18:04:57,CNC-02,M,27.332676244683626,,1887.3598914217062,38.9325898652622,120.91213587689883,2.6760810439629106,13.78691852918961,49.734262905214294,0,2026-09-03 06:33:50
2024-01-09 07:42:00,CNC-02,M,296.1654378552758,310.3977693000561,1781.977547269267,39.08567701644464,103.74496733104137,2.614263964724079,12.919308914232971,61.4211376123484,0,2026-09-03 06:33:50
2024-01-09 19:52:00,CNC-01,L,300.4950249398345,313.7682036450223,2357.0739228406255,24.66179521748575,138.6825907866739,3.206720588022672,11.001271742595312,50.31310873552106,0,2026-09-03 06:33:50
2024-01-09 06:21:00,CNC-02,M,296.7607467541026,312.7612320892055,1980.8237314835185,43.79899749828537,219.44971973234718,3.4131192730911346,16.15061800833795,60.24656334870585,1,2026-09-03 06:33:50
2024-01-09 11:31:00,CNC-02,M,302.51407562249506,312.2866192055845,1383.7773889401171,59.18324813217551,226.88239991618383,3.0026796107228106,15.537200733388845,48.665468398218536,1,2026-09-03 06:33:50
2024-01-09 13:09:00,CNC-02,M,297.52761371945445,311.9881754459612,1469.681057836802,47.33254293432188,132.86179108028392,2.350235265158513,13.151636515691175,56.35232225511824,0,2026-09-03 06:33:50
2024-01-09 21:31:00,CNC-02,M,300.5705137271005,313.0109941225741,2554.1837085223533,15.586617891507768,117.6322884261896,3.286786428655673,7.160121614548971,53.94476377604619,0,2026-09-03 06:33:50
2024-01-09 02:42:00,CNC-01,L,297.25579576872934,310.8159268397661,2518.136981291601,23.088524418482606,183.02569667588136,3.6459397852580313,10.765372128026655,56.79147696616319,0,2026-09-03 06:33:50
2024-01-09 18:40:00,CNC-03,H,300.489684992946,314.89306520936856,2073.1379823616335,35.44621950444998,85.73488807321468,2.771079979660145,13.4980067308735,52.512236109547636,0,2026-09-03 06:33:50
2024-01-09 04:27:00,CNC-02,M,297.33934291537446,310.82202571912245,2279.1595219270707,27.417481227691894,72.47442770498103,2.9405170171873065,11.765286216919256,56.26572284777164,0,2026-09-03 06:33:50
2024-01-09 22:03:00,CNC-02,M,300.2226798281226,313.3808592375071,2645.5968202952595,19.067435469246245,153.0748471489733,3.423142411907921,9.441559779274161,50.614125058403154,0,2026-09-03 06:33:50
2024-01-09 13:04:00,CNC-02,M,297.5342661646558,311.8025815017307,1377.2015972161662,49.42620746807803,125.03297253292028,2.2185236469859917,12.9846986152588,54.461655015465695,0,2026-09-03 06:33:50
2024-01-09 20:03:00,CNC-03,H,300.57512072179094,314.17809965547116,2415.8623666785684,25.39910587751528,188.64401325745482,3.3126924037866563,11.452045593614532,52.78965051916781,0,2026-09-03 06:33:50
2024-01-09 19:25:00,CNC-03,H,300.49762283036347,313.3340390127099,2338.6302488509195,22.752843352696388,142.5022860388465,3.1895260464129365,9.817261544606298,50.926693050584575,0,2026-09-03 06:33:50
2024-01-09 12:20:00,CNC-01,L,297.3264561508308,311.6257729214468,1387.8749285992458,51.26989932819228,144.2173598485084,2.3621417916200556,13.705155738815956,54.95745131577682,0,2026-09-03 06:33:50
2024-01-09 14:23:00,CNC-01,L,298.54660216893967,313.08898629383606,1610.873088480244,46.95728539661667,109.43006026744271,2.293263501072975,14.29414838555295,57.882373779276975,0,2026-09-03 06:33:50
2024-01-09 06:12:00,CNC-02,M,297.0489787216354,311.78584670584587,2051.2261406261805,34.42413472034565,207.3590523266439,3.320337161896532,,53.05066174788817,0,2026-09-03 06:33:50
2024-01-09 18:11:00,CNC-02,M,300.95149323556564,315.2287934787592,2187.048880466053,30.157007607095416,130.20517018178302,3.040945692261267,12.145379328499223,54.21146019429024,0,2026-09-03 06:33:50
2024-01-09 23:56:00,CNC-03,H,299.80453558906464,312.3586087952507,2779.6907141502675,15.604123743081574,224.38322456852973,4.023969433313462,7.961127120805698,50.835756678721836,0,2026-09-03 06:33:50
2024-01-09 08:57:00,CNC-03,H,296.01794002010206,310.80276331278674,1667.261006486081,45.98683091371456,188.53891515565113,2.7209553103531183,14.415751417770505,55.92880914633883,0,2026-09-03 06:33:50
2024-01-09 10:05:00,CNC-01,L,296.2560004324749,311.007798629588,1500.9857178559464,49.544760783600935,138.2373669184116,2.4391837776439336,13.811223406824347,59.860511162160094,0,2026-09-03 06:33:50
2024-01-09 01:03:00,CNC-01,L,298.4731875055783,310.78350337736964,2659.786992275215,17.4756716934463,74.50674483416931,3.3882964188348477,8.578780298075849,51.321311666462165,0,2026-09-03 06:33:50
2024-01-09 07:35:00,CNC-01,L,295.9960055405358,310.3657867919394,1729.7532379964136,40.92314342190524,147.44275517184732,2.704722137147133,13.276220212405734,60.679498031083426,0,2026-09-03 06:33:50
2024-01-09 10:01:00,CNC-01,L,296.44537993814816,310.7301471105035,1366.982495959051,52.55866779249609,132.0613655136733,2.2948943960674257,13.221053568724344,56.62769103762431,0,2026-09-03 06:33:50
2024-01-09 09:42:00,CNC-01,L,296.3776846131548,310.30576793278385,1453.3330743354136,46.27462318888244,102.3435295661576,2.226589479276175,12.540293321538355,58.176138714007166,0,2026-09-03 06:33:50
2024-01-09 15:46:00,CNC-03,H,26.094223621385424,40.76704020447767,1709.6091197919282,44.61443329602013,78.02819542549976,2.3847123424542347,14.334965398409699,49.51906141417637,0,2026-09-03 06:33:50
2024-01-09 05:33:00,CNC-01,L,301.5659083162828,309.8959204987907,2304.136063371327,30.53070332590517,198.1441081435104,3.6472298630027633,12.834485770578265,50.30805568606852,0,2026-09-03 06:33:50
2024-01-09 03:11:00,CNC-02,M,297.79829960864015,311.2164028097498,2585.5536045801664,19.929116726076984,236.52599556706656,4.158648229690635,9.5511929537754,54.62190445701312,0,2026-09-03 06:33:50
2024-01-09 14:53:00,CNC-01,L,298.62563022900633,313.3784503949559,1540.9000209737635,49.028902005431966,155.42769822242965,2.452578131603903,14.29851982393197,58.673253757858745,0,2026-09-03 06:33:50
2024-01-09 01:58:00,CNC-02,M,298.37458434008215,310.71745420318365,2701.045567786728,15.55081047785168,154.5362255601123,3.57137634010409,7.90146138834622,55.13917784308579,0,2026-09-03 06:33:50
2024-01-09 00:50:13,CNC-02,M,298.9331786584896,310.61335785310735,2849.3793409082655,12.907047404717538,81.22727864661184,3.3999334770958196,6.76476302894909,54.86924757405407,0,2026-09-03 06:33:50
2024-01-09 10:19:00,CNC-01,L,296.6004535836113,311.26262958835684,1472.4689307042688,48.96220079726009,160.14383872016512,2.5160888836855055,13.366343396989361,57.80982688537847,0,2026-09-03 06:33:50
2024-01-09 16:08:00,CNC-01,L,26.4115200877863,40.197819460441394,1857.3008432474305,36.85721334995346,41.07181779037735,2.53689597573522,12.889092479721981,48.3386830858773,0,2026-09-03 06:33:50
2024-01-09 13:00:00,CNC-01,L,298.2775549416547,314.18893707470704,1451.693176829662,57.29641903919198,207.51404278070862,2.9048000401789675,15.919027896922424,47.24748494274139,1,2026-09-03 06:33:50
2024-01-09 20:14:00,CNC-03,H,300.3493957313989,314.2435404459326,2579.9046963150818,22.20453817225693,201.4954894270327,3.608707169689998,10.86609921375558,55.08440883060222,0,2026-09-03 06:33:50
2024-01-09 14:14:00,CNC-03,H,298.3244068982901,313.38723107251286,1414.5011777084699,55.24373844616806,198.8954866362458,2.5209581713491027,14.608115499241519,56.813571293271025,0,2026-09-03 06:33:50
2024-01-09 19:59:00,CNC-01,L,300.48199921076,314.6988655651998,2310.6749605604023,29.520228739954643,147.11964113872673,3.0883844539199417,12.635462159135916,47.031317072127294,0,2026-09-03 06:33:50
2024-01-09 13:57:00,CNC-02,M,298.47609825356557,313.81984298226297,1457.2156345839169,53.63255699996345,208.4595404812381,2.772109994444538,14.410062507921728,51.80796739145596,0,2026-09-03 06:33:50
2024-01-09 15:02:00,CNC-02,M,298.836668458817,312.9696003413903,1610.1542309433592,43.20063892641564,69.52125371928719,2.192562535804172,13.367901443915319,53.437451204252845,0,2026-09-03 06:33:50
2024-01-09 14:14:00,CNC-02,M,298.6967653950539,314.175022162475,1443.180491045818,53.567140153312174,235.04263153205446,3.2116720545767463,14.28433512507146,53.85744922930291,1,2026-09-03 06:33:50
2024-01-09 11:50:00,CNC-01,L,297.15511444057415,311.6084579765134,1324.9475575959113,54.4185440598076,96.59399694885018,2.1017982984830086,13.513070839908504,58.45635176383752,0,2026-09-03 06:33:50
2024-01-09 02:19:00,CNC-02,M,298.23252799809154,311.1904986554148,2526.2439004860953,19.300418854946894,177.69208995027404,34.774887373800226,9.034157388868996,54.12353129642757,0,2026-09-03 06:33:50
2024-01-09 01:52:00,CNC-01,L,297.9910952032607,310.5515580190066,2589.3714768904283,17.283568626447774,127.85371281382132,3.302814774103274,8.283025999689423,55.62751355786142,0,2026-09-03 06:33:50
2024-01-09 04:22:00,CNC-03,H,296.51013947903175,310.36558045735825,2108.642281350285,32.18759012635214,41.069307067543754,2.6757416757172243,12.509557372330121,55.853535321265504,0,2026-09-03 06:33:50
2024-01-09 19:42:00,CNC-02,M,300.40992436816947,314.9053266926057,2413.3910745178355,26.95595968643056,244.9662872053432,4.108266132778286,12.201154923584024,46.53239775136096,0,2026-09-03 06:33:50
2024-01-09 07:27:00,CNC-02,M,296.26110560611914,310.1959453975871,1674.171478515282,40.88360970594725,82.30226685378663,2.3886860585815666,12.77721242949517,61.33930570872389,0,2026-09-03 06:33:50
2024-01-09 13:29:00,CNC-03,H,298.0946486444471,312.75642225576325,1380.9935877874282,53.746649387355745,128.47439060207472,2.199170428161585,14.065589165462942,55.073217495664686,0,2026-09-03 06:33:50
2024-01-09 01:47:00,CNC-03,H,298.4069651387912,310.5377062288416,2567.462826723264,17.062188124507205,133.55000408533598,3.166896027093354,8.418771302879927,49.640987823662684,0,2026-09-03 06:33:50
2024-01-09 17:16:00,CNC-02,M,27.02160276900628,41.49496776339561,1616.187497037943,43.73206650157112,55.98605518742842,2.3096634530732523,13.027310101909842,54.81738432000905,0,2026-09-03 06:33:50
2024-01-09 21:10:00,CNC-01,L,300.3534654993371,311.91611028538216,2468.8380838826643,16.00906338897504,12.40157063837705,2.9961305710897923,7.712475400955092,49.81522795110081,0,2026-09-03 06:33:50
2024-01-09 14:37:00,CNC-02,M,298.6520371101025,312.1342853186352,1322.049989412001,47.64936538215843,31.120575522063174,2.041165087835854,11.825164058441372,54.39283985952116,0,2026-09-03 06:33:50
2024-01-09 15:14:00,CNC-03,H,25.778532340767754,39.90041259285266,1567.8180597952062,47.01592041015612,30.27943206867479,2.2024643628119502,13.747717041470654,52.569230758521705,0,2026-09-03 06:33:50
2024-01-09 11:52:00,CNC-02,M,302.9241175828118,310.46695847429254,1298.1426132170116,49.5022737630423,11.195585136505645,1.9128374532560446,12.210902593814732,43.773501580273326,1,2026-09-03 06:33:50
2024-01-09 13:50:00,CNC-01,L,298.824993875404,313.208725218218,1514.698174010598,49.60097487809278,58.07664727771757,2.2198433555747106,13.73120932840669,50.908778034427094,0,2026-09-03 06:33:50
2024-01-09 22:17:00,CNC-02,M,299.87204097870966,313.0626383230811,2714.8293049173335,19.085908864561645,168.22991853949162,3.596704319106634,9.570298288634024,49.100333064211036,0,2026-09-03 06:33:50
2024-01-09 16:52:00,CNC-01,L,299.9545411006461,315.2795179451384,1847.0758411800914,44.81800258958666,104.07629495053459,2.6699798751816424,15.59241605179283,51.39828671395156,0,2026-09-03 06:33:50
2024-01-09 16:34:00,CNC-03,H,299.6138372655132,314.5655632960812,1911.3546131136725,42.15047063194458,146.21915595028034,27.005854665906433,15.137133030997402,55.703833486457704,0,2026-09-03 06:33:50
2024-01-09 10:23:00,CNC-03,H,296.31216327484447,310.40209014306936,1369.5899608255638,50.68840936638848,104.44686102451571,2.249594293900129,12.969739406965804,53.33221998948302,0,2026-09-03 06:33:50
2024-01-09 07:36:00,CNC-01,L,296.0014638408866,310.9482078449763,1733.464489941727,46.19410521981744,148.8795231976855,2.6035354666084776,15.044497803286767,52.89417854394402,0,2026-09-03 06:33:50
2024-01-09 03:29:00,CNC-01,L,296.85779743395824,309.412374588723,2418.829932264661,21.76027183269078,45.8595819226037,2.9751892163875295,9.910010127718596,57.22285596536584,0,2026-09-03 06:33:50
2024-01-09 23:46:00,CNC-01,L,300.00873796143634,313.0728566277615,2758.0473643935884,18.723702638635253,181.3647559602658,3.8081973822690705,9.406946671877765,49.95554075829254,0,2026-09-03 06:33:50
2024-01-09 18:32:00,CNC-01,L,300.6644189090955,314.1106307412847,2029.529653412929,31.355024127315282,39.10231202560335,2.6797947145297503,12.134149126013154,48.99361775637584,0,2026-09-03 06:33:50
2024-01-09 18:33:10,CNC-01,L,300.5828724520638,314.67460590214665,1972.11568989146,35.35076031241722,41.76641758630606,2.5376263174632006,13.202893573279976,49.75651100791161,0,2026-09-03 06:33:50
2024-01-09 20:57:00,CNC-03,H,300.1028173946565,312.14165831068516,2469.554714521288,19.127617446772266,28.888248967353114,2.9377789959134692,8.818319296821977,52.871575671564734,0,2026-09-03 06:33:50
2024-01-09 21:11:00,CNC-03,H,300.3565083860103,313.7308659372474,2384.4288652781784,25.502777632680264,44.855655559069376,2.933238928241888,11.421206062211152,49.785821401068446,0,2026-09-03 06:33:50
2024-01-09 20:17:00,CNC-02,M,300.37020997271156,313.40889593540874,2556.4682565995076,21.522844733492892,33.1272360861875,3.1864489461857026,10.467405236813441,49.03812408773708,0,2026-09-03 06:33:50
2024-01-09 13:05:00,CNC-02,M,297.8078931666196,313.09832256456735,1550.838644238073,51.88290639533932,126.58223206468574,2.392596273288381,15.080886751057525,50.77689150411712,0,2026-09-03 06:33:50
2024-01-09 01:45:00,CNC-03,H,298.24903549755845,311.57812242155137,,21.336260985438035,131.38136839899448,3.39052876894754,10.324606651161556,55.89036082864705,0,2026-09-03 06:33:50
2024-01-09 00:52:00,CNC-02,M,299.02924544156735,310.47395638134776,2734.4464853787185,13.103758769689273,83.31388828051732,3.33079656829216,6.6496688416048855,55.02892267434492,0,2026-09-03 06:33:50
2024-01-09 12:57:00,CNC-02,M,297.5842190864217,312.39248680715843,1415.1484217465008,53.57227300447154,113.9617757006397,2.3445492685424396,14.098894455957383,53.39983768667091,0,2026-09-03 06:33:50
2024-01-09 01:28:00,CNC-03,H,298.3543714224354,310.2677543256167,2559.36061667167,14.651466569149028,112.9770153068489,3.2680808796049226,7.007794711850408,51.70489041591706,0,2026-09-03 06:33:50
2024-01-09 22:00:00,CNC-03,H,305.5988306110287,312.68434650499523,2550.9247382964136,21.028480041796566,99.68472179980381,3.1798078238865863,9.901576557910614,40.40667839066819,0,2026-09-03 06:33:50
2024-01-09 09:01:00,CNC-03,H,296.27086855938273,311.26751608680024,1613.6019661918094,46.566046133937256,194.61203865087572,2.64111575944834,13.91714845905873,56.029122817793464,0,2026-09-03 06:33:50
2024-01-09 04:39:54,CNC-03,H,296.38417390568657,309.54917709558936,2250.492749396025,26.227906749192687,64.44520403674352,2.890975421981859,11.173032051142961,57.05181047202544,0,2026-09-03 06:33:50
2024-01-09 13:55:00,CNC-03,H,298.67717495175714,313.300243132927,1399.1218388822629,52.372280777021345,169.29507455145713,2.435155784100545,13.635789814514277,50.47876521738658,0,2026-09-03 06:33:50
2024-01-09 00:22:00,CNC-02,M,299.0276193812146,309.6436138122632,2778.9254920096637,9.323685592152906,51.75664608773064,3.298461364228993,4.894646019563654,52.36643240692245,1,2026-09-03 06:33:50
2024-01-09 18:26:00,CNC-03,H,300.1964869931494,314.3407014299035,2013.5323432917874,35.440055692394175,67.61412118744943,2.6331471065072067,13.270969751311748,51.50274841016337,0,2026-09-03 06:33:50
2024-01-09 18:16:00,CNC-01,L,300.22277292865135,314.0171675368926,,31.983820119229616,18.478170059773184,2.7635358950904645,13.144534775710444,50.82683869312266,0,2026-09-03 06:33:50
2024-01-09 09:22:00,CNC-03,H,296.3752205721196,310.36493662191907,1453.2844535691288,50.02907885193244,9.295577997770437,2.160483422734086,13.389668964077764,55.517417072772126,0,2026-09-03 06:33:50
2024-01-09 20:33:00,CNC-01,L,300.617788256374,314.36412694666086,2550.7826050863027,23.45412901124109,187.26902662834496,3.774408891557162,11.209048241842108,48.98665229523396,0,2026-09-03 06:33:50
2024-01-09 09:02:00,CNC-01,L,296.14624013049723,310.32707604506834,1370.6642891204601,54.256144837278065,41.10731775982053,2.0166845122890873,13.8664652290352,58.33703066881601,0,2026-09-03 06:33:50
2024-01-09 00:04:00,CNC-02,M,299.0567819202198,311.0105814736523,2708.3033030934757,17.078036669434717,32.6496247141825,3.1606128195028393,8.551117773540085,51.61788523905394,0,2026-09-03 06:33:50
2024-01-09 07:16:00,CNC-02,M,296.17916936272593,310.3486723307113,1941.391351330141,35.031322821464286,66.69825595102192,2.605633401492026,12.53405026071486,59.36988675999649,0,2026-09-03 06:33:50
2024-01-09 16:27:00,CNC-02,M,299.82592328625776,315.46427180285946,1833.9359422870457,43.1669977776475,195.17836502080135,2.953480087160149,15.012542599805895,48.665640014861715,0,2026-09-03 06:33:50
2024-01-09 09:49:00,CNC-01,L,296.2526443812285,310.8290553090554,1473.5253663056594,50.14524379598544,113.26914639096125,2.3129809492801923,13.78058976661474,56.067524265664694,0,2026-09-03 06:33:50
2024-01-09 04:43:00,CNC-02,M,297.30020656967065,310.36891393144407,2326.6623164864204,24.278114516599487,92.0850771795198,2.9171706141090836,10.585717718236811,56.07762667493664,0,2026-09-03 06:33:50
2024-01-09 06:39:00,CNC-02,M,296.43061781183104,310.06885986238535,1863.5182376842986,35.41788618408532,15.023220729601036,2.4113537141804935,12.459161820992575,58.40721147381408,0,2026-09-03 06:33:50
2024-01-09 20:05:00,CNC-03,H,300.29895236588374,313.9165069568993,2389.7820341230085,24.65904897855061,191.02859534043907,3.2937377878180016,10.879868544647032,49.47750578822522,0,2026-09-03 06:33:50
2024-01-09 06:14:00,CNC-02,M,296.76876158868043,311.34872230001184,1909.2792333495022,36.351016481584395,210.0287338957648,3.2235245894261815,13.036607216923295,59.522437334490284,0,2026-09-03 06:33:50
2024-01-09 03:27:00,CNC-01,L,296.71651685375724,309.0580602913665,2507.8400779168796,20.35249252994385,43.52651697158218,3.151212270318376,9.759076521068508,56.06802789876553,0,2026-09-03 06:33:50
2024-01-09 20:20:00,CNC-03,H,300.22620299021486,314.30917430892714,2365.2035733197376,27.176797528058973,208.55436809692688,3.5541988848286286,12.152000677045795,51.05692676131161,0,2026-09-03 06:33:50
2024-01-09 05:16:00,CNC-03,H,296.35611583431694,309.5523556471058,2187.914809561502,24.775547258195683,108.3254058368764,2.9152771889807,10.19361874657265,59.088109317899445,0,2026-09-03 06:33:50
2024-01-09 20:38:00,CNC-03,H,300.0270884715863,311.8089742606895,2500.244926071704,17.54655965207273,6.876633039227274,3.0521290522064315,8.147558138265502,49.401855819107084,0,2026-09-03 06:33:50
2024-01-09 04:23:00,CNC-03,H,296.9572687813849,308.8469482190388,2302.9477473578763,18.987547679169868,42.2603262842152,2.932429353514489,8.166362693282313,58.93843768947795,0,2026-09-03 06:33:50
2024-01-09 21:44:00,CNC-02,M,300.4103032416968,313.4890458140862,2751.784409974247,17.51651938372904,132.09014489868528,3.3735140926950997,8.952298093071786,47.5448458125711,0,2026-09-03 06:33:50
2024-01-09 23:50:00,CNC-01,L,299.6894492489286,312.5689005601732,2688.9416452705505,17.852447282478884,185.61773469237846,3.8192101908683997,8.89016994638695,50.28219041670689,0,2026-09-03 06:33:50
2024-01-09 06:33:00,CNC-03,H,296.00258096971413,310.62520799775194,1953.8962861267714,35.726487913136644,210.3834714427854,3.099681197791933,13.002713743986613,59.616019725057946,0,2026-09-03 06:33:50
2024-01-09 21:56:00,CNC-03,H,305.7665903139384,313.28718227841097,2538.9123903592426,23.789062233501927,95.28933303195129,3.177265657399843,11.39672772980816,41.08341830322095,0,2026-09-03 06:33:50
2024-01-09 15:38:00,CNC-03,H,25.875222293698357,39.84577033791709,1553.6149135869566,44.75176351955331,66.14127103605185,2.273826492088968,12.884176750512843,50.602272408793056,0,2026-09-03 06:33:50
2024-01-09 01:33:00,CNC-01,L,298.134471851866,310.27845810210664,2573.0023718994958,17.43249443769221,107.12076823984556,3.189419618546007,8.542369066540196,54.68205189851335,0,2026-09-03 06:33:50
2024-01-09 05:53:00,CNC-03,H,296.13128765645513,311.2917722506724,1979.3494072637136,40.445603333548895,156.49202730691988,2.8476894162377593,14.94577247398047,55.63446708443979,0,2026-09-03 06:33:50
2024-01-09 17:39:00,CNC-02,M,26.99830301831173,41.223273323322815,1942.6874233386302,34.62287998890585,87.35369669831728,2.5749238500879357,12.50035945985459,49.48847140298037,0,2026-09-03 06:33:50
2024-01-09 01:28:00,CNC-01,L,298.1562111494858,310.7073099359997,2709.813389558062,18.24055195051083,101.71537408632356,3.2473411453243477,9.044495728631848,57.899533599728635,0,2026-09-03 06:33:50
2024-01-09 09:48:00,CNC-02,M,296.7329124371829,310.82752003429476,1669.3134023611399,41.821593558762295,64.65030021767,2.3769946611261417,12.996541419443716,59.66281817278771,0,2026-09-03 06:33:50
2024-01-09 10:22:00,CNC-01,L,296.75631357337846,310.8792073134565,1357.1029885716666,48.24183219138063,,2.4354238708901494,12.111426918495184,53.63781846847343,0,2026-09-03 06:33:50
2024-01-09 17:59:00,CNC-01,L,26.968850003354362,41.68377833991525,1930.3298592723947,38.726553852274144,195.98368801552485,3.299488491693575,14.176265028281518,47.600082520699054,0,2026-09-03 06:33:50
2024-01-09 06:40:00,CNC-02,M,296.81111623238723,310.38325187760694,1847.8161404060313,37.2545225055352,16.43244035214828,2.5726775966482394,12.741309308994966,59.6576480473297,0,2026-09-03 06:33:50
2024-01-09 18:29:00,CNC-01,L,300.70849988514266,314.209268374429,2087.675915439121,29.338629851847923,35.16014060992351,2.753068504597417,11.513922356401576,45.75859902486605,0,2026-09-03 06:33:50
2024-01-09 16:42:00,CNC-03,H,299.3727131364255,314.6031841644899,2028.2518762911036,40.034144306384775,159.02782438171354,28.57299677572403,15.086361207960461,50.258846702153924,0,2026-09-03 06:33:50
2024-01-09 16:13:00,CNC-02,M,26.239459372308716,40.88858153501042,1741.978806736604,39.68394931373927,174.8808319623039,2.704442348767146,12.780718049315738,53.5425149541885,0,2026-09-03 06:33:50
2024-01-09 02:45:00,CNC-01,L,297.11386086773524,310.6605915178723,2479.16742752331,,186.40710201790688,3.6860590846342434,10.8378513075131,58.492966648791864,0,2026-09-03 06:33:50
2024-01-09 17:21:00,CNC-03,H,26.613258726022934,42.05675217058774,1907.010286040394,,213.55746258252017,3.3006575039251236,15.023392394618082,55.56762983194903,0,2026-09-03 06:33:50
2024-01-09 03:26:00,CNC-02,M,297.88537578810104,309.83338217543184,2402.3041787667757,18.414193672790034,0.0,3.0697820280395662,8.337109476281881,56.63357792945911,0,2026-09-03 06:33:50
2024-01-09 18:18:00,CNC-02,M,300.3897851130572,314.59935266244486,2160.97012597493,30.62537886536013,139.3845497931869,2.988047569475825,12.262906065536246,51.34281941294465,0,2026-09-03 06:33:50
2024-01-09 20:39:00,CNC-01,L,300.6761997398931,314.28292902594046,2567.19666542342,22.27016626538669,194.29939296950968,3.8787640623272046,10.740456171658641,47.55436846692625,0,2026-09-03 06:33:50
2024-01-09 08:54:00,CNC-02,M,296.16560819260496,311.0480879480932,1459.9157092070977,49.43567820331222,210.98066561878238,2.8451128462290374,13.589783208681053,58.00123108847741,0,2026-09-03 06:33:50
2024-01-09 09:00:00,CNC-01,L,296.1148137001049,,1542.839509597427,41.134700660304844,37.968825498743584,2.1689527916555797,11.98403634484421,55.90935690978729,0,2026-09-03 06:33:50
2024-01-09 01:55:00,CNC-01,L,297.8196952485432,310.53520317322517,2760.7554842151653,18.354328850987926,131.06294724648464,3.5788840217882836,9.531437388112753,54.37435888606532,0,2026-09-03 06:33:50
2024-01-09 21:59:06,CNC-03,H,305.51128520029255,311.1817681213947,2616.801917320264,14.639864472889233,97.4829211652967,3.324745754284881,7.2359691910473956,39.26784705167515,0,2026-09-03 06:33:50
2024-01-09 18:43:00,CNC-03,H,300.26079942984353,314.22391277470723,2137.3321775076247,31.93427862441677,89.62953523561734,2.729166300361665,12.679559377866282,47.67675913569272,0,2026-09-03 06:33:50
2024-01-09 14:34:00,CNC-01,L,298.4145292841538,313.02865732066346,1552.8367767096727,48.62387523810632,126.3855142982467,2.3769950620736022,14.230526071370367,55.153860772739705,0,2026-09-03 06:33:50
2024-01-09 06:25:00,CNC-03,H,295.7156626008907,311.4360560197817,2009.5259914642302,41.05142070858161,199.47762286444365,3.034822244460031,15.417560636255425,56.86453945694152,0,2026-09-03 06:33:50
2024-01-09 11:34:00,CNC-01,L,297.3069158655169,311.2644783106344,1481.665636963722,45.73396345020051,71.13402459160534,2.2629248534270365,12.675389786928084,57.797390525362985,0,2026-09-03 06:33:50
2024-01-09 16:34:11,CNC-03,H,299.5415207764404,313.8971700675192,1819.963334782788,39.56761154637517,147.61243338196357,2.662522231266187,13.47309459008724,50.65514012574623,0,2026-09-03 06:33:50
2024-01-09 03:07:00,CNC-03,H,297.7236173226861,311.4496208720539,2606.3684513491507,22.4130757169597,222.9741755668309,3.837968157259881,10.829191397793394,52.36282212767432,0,2026-09-03 06:33:50
2024-01-09 14:03:00,CNC-03,H,298.43382503903496,313.28526027886085,1410.5106021074437,50.76595988481036,181.84286637137072,2.4318889140937916,13.34023515336819,52.787495437568815,0,2026-09-03 06:33:50
2024-01-09 06:58:00,CNC-01,L,296.03823692950124,310.38865447199515,1856.561231895027,38.232100304634784,94.86032706594109,2.4705507744246176,13.453077995215242,55.19690288744159,0,2026-09-03 06:33:50
2024-01-09 19:18:00,CNC-03,H,300.58007061315874,314.12540509504856,2269.267590425814,25.756404357451853,133.70195245912495,2.962610834962761,10.859654732832226,51.420505407379466,0,2026-09-03 06:33:50
2024-01-09 04:12:00,CNC-01,L,296.67052408125454,10022.95975791632,2326.428172884202,22.529610016907338,97.2063268281527,2.9637149723313607,9.884401346423521,,0,2026-09-03 06:33:50
2024-01-09 14:39:00,CNC-03,H,298.87220033191915,313.2607744926204,1337.9532693129643,50.175022412016595,237.4998250184501,2.9216024858630862,12.719416067559271,50.11770190264083,0,2026-09-03 06:33:50
2024-01-09 10:20:00,CNC-02,M,302.3920528475471,311.48997963395016,1420.9848236311666,56.040500956349916,114.59892270819927,2.27363614974288,14.797438503547685,46.93115551886901,0,2026-09-03 06:33:50
2024-01-09 16:17:00,CNC-03,H,26.140421997717056,40.66184781773126,1802.1095164156357,42.566364543645584,123.29803774703005,2.478175056636397,14.28129312650545,50.93427357076501,0,2026-09-03 06:33:50
2024-01-09 23:30:00,CNC-02,M,299.7738512761266,313.09457472390824,2814.5457456606855,16.50382809286986,246.69427828633235,4.523161741114284,8.674224997961787,52.43433240428986,0,2026-09-03 06:33:50
2024-01-09 11:02:00,CNC-02,M,302.36546454126375,310.92632560138395,1351.7174053059603,52.050629798152144,180.94833903462546,2.454429693663693,13.215250092652363,46.273026341093306,1,2026-09-03 06:33:50
2024-01-09 06:27:00,CNC-03,H,295.9727291897987,310.59599377769825,1943.5631913369818,37.973132456042656,202.2318466217237,3.0774736584268108,13.880213257488897,58.50618869594818,0,2026-09-03 06:33:50
2024-01-09 09:38:00,CNC-02,M,296.4922875205316,310.13419605323367,1369.1558580273381,48.4463720196453,49.17548002994807,2.04746252941678,12.319836923887376,63.325505458712286,0,2026-09-03 06:33:50
2024-01-09 23:40:00,CNC-02,M,299.6010010394567,310.698471614402,2721.7134221321585,10.399704401211245,1.04336142332498,3.3830268738359783,5.278286425047919,49.24589291380712,1,2026-09-03 06:33:50
2024-01-09 07:30:00,CNC-02,M,296.28149391198986,310.633486556861,1797.034264567903,38.37033932054147,86.60231648360983,2.410470013614013,12.978308655069902,59.32096549295256,0,2026-09-03 06:33:50
2024-01-09 07:03:00,CNC-03,H,295.91947198195726,309.37690434448723,1961.839410374429,33.36394147020263,21.906560264314198,2.5980945118416465,12.207986896221389,58.84353084160313,0,2026-09-03 06:33:50
2024-01-09 03:19:00,CNC-01,L,296.97397600791976,10009.01800258507,2478.5696631515557,20.420727585086052,34.26114529278915,2.9321524792773754,9.442443246934628,57.94158117829462,0,2026-09-03 06:33:50
2024-01-09 23:39:00,CNC-01,L,299.6996518127011,312.49650263129,2779.166857702434,18.001881596218926,173.85987642774333,3.7742868522319157,9.257348870004272,51.807119772523116,0,2026-09-03 06:33:50
2024-01-09 10:12:00,CNC-01,L,296.2214398545207,311.0207653878977,1441.8539002355062,53.40434805574065,149.2023485592873,2.462505098487699,14.26205700544789,60.01053950328245,0,2026-09-03 06:33:50
2024-01-09 22:00:00,CNC-02,M,300.18314580138957,314.5089864404464,2565.898979153751,25.59716050317723,149.8367845531061,3.298904611606525,12.549546837260513,48.36595662131798,0,2026-09-03 06:33:50
2024-01-09 22:45:00,CNC-02,M,299.8825459882177,312.65985077815196,2828.0210910201763,13.840474490418178,198.35013844049325,4.07773994944799,7.2008875646838755,52.605583644612196,0,2026-09-03 06:33:50
2024-01-09 08:20:00,CNC-02,M,296.3548045788358,311.17494111723295,1527.6491491954648,48.04612265684461,159.5103480743574,2.4756882645371787,13.84958658995918,56.94866118289922,0,2026-09-03 06:33:50
2024-01-09 01:32:00,CNC-01,L,298.60495821430095,310.97178263157946,2585.405424777188,16.94023881931288,106.00487479715376,3.2821216209155777,8.2640980499043,57.20765365779717,0,2026-09-03 06:33:50
2024-01-09 03:07:00,CNC-02,M,297.73519377938254,311.9988175068539,2355.941486167799,26.950054603286237,231.9944166947298,4.0021385410190815,11.793010982938684,53.52438547615713,0,2026-09-03 06:33:50
2024-01-09 19:02:00,CNC-02,M,300.62124538219837,315.26377318644734,2219.7884542711286,30.163680710015626,195.78251284681158,3.356010414249034,12.461472281835018,49.47476718361483,0,2026-09-03 06:33:50
2024-01-09 04:16:00,CNC-02,M,297.35138903867136,310.0436354669374,2266.629244941434,24.17746408194402,59.36538881617805,2.9042274790821225,10.175412913904134,56.61640408694134,0,2026-09-03 06:33:50
2024-01-09 22:22:00,CNC-03,H,305.4003605066779,311.4727682898812,2782.3107384403183,15.150604901595631,123.69351979127552,3.361322100626793,7.857996410776996,42.34767120016985,0,2026-09-03 06:33:50
2024-01-09 07:33:00,CNC-02,M,296.37400047322353,310.8272167529236,1777.0037898425344,41.78349689474589,90.88554260664122,2.4485940575945815,14.03408158856513,60.0590671270975,0,2026-09-03 06:33:50
2024-01-09 05:40:00,CNC-03,H,296.02550885018394,310.4023933669804,2163.639065601302,33.33060816796488,139.23573942907856,2.9898660714336684,13.371377088675564,60.7081772177825,0,2026-09-03 06:33:50
2024-01-09 05:59:00,CNC-02,M,296.82292970350505,311.9255605919651,1907.3098049648816,39.80058633457111,189.81119016706592,3.0008150765185797,14.165124386586106,59.09691094806445,0,2026-09-03 06:33:50
2024-01-09 12:32:53,CNC-01,L,297.61473392209626,312.2613725225804,1407.9753851930354,52.17381118222452,163.1825800278349,2.5796430768481886,13.608838609766886,56.858287653701055,0,2026-09-03 06:33:50
2024-01-09 19:56:00,CNC-01,L,300.63937099967285,314.03305227614374,2362.108480227424,25.150591580794572,143.52224227217638,3.1962691515833352,11.001441986261245,54.42413879658471,0,2026-09-03 06:33:50
2024-01-09 03:09:00,CNC-03,H,297.58869989221404,311.96430352790856,2637.24765272395,24.735957982089158,225.20120575909672,3.9259478503970158,12.15998133622651,55.68720559270945,0,2026-09-03 06:33:50
2024-01-09 04:40:00,CNC-03,H,296.79188313328945,310.4264365960226,2206.150460094755,29.881751728314534,63.1972593333624,2.8600135764403634,12.21894803376398,61.3369644557344,0,2026-09-03 06:33:50
2024-01-09 20:27:00,CNC-01,L,300.25520437877526,314.4593479894044,2368.157507596858,28.5664565482106,180.30496014476975,3.4878703986845663,12.664505334205062,49.185951923494706,0,2026-09-03 06:33:50
2024-01-09 22:04:39,CNC-02,M,300.25356910164965,313.30937871363875,2702.474909506436,18.654518068456465,155.2207130427744,3.4795801927796854,9.445259909472743,46.49969971969283,0,2026-09-03 06:33:50
2024-01-09 18:33:00,CNC-02,M,300.5770778665423,315.52995488866287,2083.1728202540976,35.34925436760426,158.88351528927043,2.9986449992115145,13.682902799784763,51.27158504168925,0,2026-09-03 06:33:50
2024-01-09 18:13:00,CNC-03,H,299.9085248348876,313.32620002732534,2120.8429146416493,28.817870741158536,50.606837243459445,2.738149159462983,11.569258074996915,51.54722129783273,0,2026-09-03 06:33:50
2024-01-09 11:35:00,CNC-03,H,296.71779719604257,312.591149230292,1477.9001051614473,56.24066861023737,218.21966855942256,2.9016477883211587,15.696578494895041,58.336068093575726,0,2026-09-03 06:33:50
2024-01-09 06:03:00,CNC-02,M,296.8461193357911,311.3157490480498,1921.18514081857,36.868677248874214,195.24268780494558,3.1043049869614756,13.359967554190046,58.851109731190554,0,2026-09-03 06:33:50
2024-01-09 09:00:00,CNC-02,M,296.22064268819304,311.1757575264192,1551.3056059451758,48.318164146811064,220.01184394261023,3.086857901187498,13.862219185145436,53.392653091221916,0,2026-09-03 06:33:50
2024-01-09 03:13:00,CNC-01,L,297.10143499293673,308.903786488827,2432.6415054529352,16.37012643980487,27.436237683035984,2.9762968753806347,7.5103837974739145,57.54438802418412,0,2026-09-03 06:33:50
2024-01-09 04:08:00,CNC-01,L,296.6464114237136,310.5145156797766,2356.3445859910344,27.3426071927883,92.37578787892812,2.9670004577421283,12.174041227474845,61.29694858220882,0,2026-09-03 06:33:50
2024-01-09 14:02:42,CNC-01,L,298.3929077443021,312.4885755655188,1460.3190067260239,48.83231284635436,76.7902527083174,2.1508942208402373,13.540637820971627,52.79397735501317,0,2026-09-03 06:33:50
2024-01-09 22:31:00,CNC-02,M,300.0010366459112,314.3055137893617,2677.1397121530317,23.196355718133226,183.39814111057856,3.7964336549221867,11.896482215418915,54.69762022605246,0,2026-09-03 06:33:50
2024-01-09 01:43:00,CNC-03,H,298.34065664208293,311.2742646432803,2744.2595061543475,19.08499465562556,129.19447287921014,3.3672257484412387,9.900634691550517,53.05052634577531,0,2026-09-03 06:33:50
2024-01-09 04:09:00,CNC-03,H,297.1883200970329,310.39279964724994,2379.5458032460965,25.365559553485987,25.202887011565256,2.9647200893518124,11.03968112192577,58.313959559539676,0,2026-09-03 06:33:50
2024-01-09 13:22:00,CNC-02,M,297.9576942211766,313.31588255342416,1432.10961247564,55.26382129413793,153.40582765755954,2.3562096039727103,14.841857428360269,54.12307422205875,0,2026-09-03 06:33:50
2024-01-09 21:25:00,CNC-03,H,299.9888618624519,,2519.7681987829233,21.624213767545402,60.642034249717916,3.032624491504177,10.210126876239228,54.89501720440351,0,2026-09-03 06:33:50
2024-01-09 17:08:00,CNC-01,L,26.939056580415468,41.34534932317598,1800.5191819810336,39.72361245223013,126.50658337213868,2.679011115558522,13.473203520167608,53.50026829712448,0,2026-09-03 06:33:50
2024-01-09 22:27:00,CNC-02,M,299.9306250546191,313.2638539084947,2550.8559480508397,19.564576322137643,179.09337694255447,3.4920471156752226,9.124465458278529,52.41368101460019,0,2026-09-03 06:33:50
2024-01-09 13:47:00,CNC-03,H,298.361333292699,312.32750080841316,1347.5525523515512,48.22860783455086,156.76467559194572,21.680985338273263,11.997575762156398,56.16274488761609,0,2026-09-03 06:33:50
2024-01-09 07:55:00,CNC-03,H,296.1104048911325,309.7899808131977,1601.882775524827,39.88285035588188,96.15914718827794,2.2712750895805573,12.13613709528917,60.19180023579667,0,2026-09-03 06:33:50
2024-01-09 16:25:00,CNC-03,H,299.67350885475696,314.42379513183073,1751.6614489394385,43.59101090716456,134.8204790144846,2.5299446926943667,14.504803692724442,52.0922646380055,0,2026-09-03 06:33:50
2024-01-09 09:55:00,CNC-01,L,296.49432720694466,310.6761979183033,1337.6105075539253,51.50950795165264,122.72271556904714,2.2421436794306056,12.77702974729583,56.442582434242894,0,2026-09-03 06:33:50
2024-01-09 02:02:00,CNC-01,L,297.6818838872642,310.6983539931258,2672.2743830377685,19.944929228200525,138.74482784665577,3.5361099555995916,10.132168064324498,53.810772283044585,0,2026-09-03 06:33:50
2024-01-09 07:59:00,CNC-03,H,295.85371503407174,310.3787142285382,1668.5715571624623,45.66482390363607,101.96118222044724,2.3396930884711873,14.134128005765408,58.35386475190784,0,2026-09-03 06:33:50
2024-01-09 23:55:00,CNC-01,L,299.55730154942717,312.4261308498448,0.0,19.389826103332435,190.86182102940873,3.9204609874823677,9.883679466234494,51.735271300881045,0,2026-09-03 06:33:50
2024-01-09 03:04:00,CNC-01,L,297.30001522382054,309.7956253471507,2467.642578541135,20.526167940836043,16.973121974726652,3.038143640725383,9.467391554607525,,0,2026-09-03 06:33:50
2024-01-09 07:09:00,CNC-03,H,295.88955620090667,309.6916736778726,1903.282795342639,35.974514488318135,30.202008363189464,2.5622883143701536,12.730792348812432,59.9880794330154,0,2026-09-03 06:33:50
2024-01-09 15:20:00,CNC-01,L,25.516479303422443,40.506828380844695,1584.6300285661778,47.54110530418501,196.36555086696305,3.062070541213447,14.064255232307486,54.150990878821936,0,2026-09-03 06:33:50
2024-01-09 16:48:00,CNC-01,L,299.7696276979281,314.1080031696363,1815.291184202999,39.55147779809578,98.37861966360362,2.3913788423790567,13.35281691320416,50.34867861041927,0,2026-09-03 06:33:50
2024-01-09 01:02:00,CNC-01,L,298.8513467342806,311.0673806100204,2693.436340292889,15.936559010599566,73.42954951318913,32.74654879936968,8.076572350338184,55.38579440078225,0,2026-09-03 06:33:50
2024-01-09 04:07:00,CNC-02,M,297.2432958223778,310.30383288535864,2486.9567529652295,22.051257939970796,48.449025824321986,3.044059384865685,10.356206646185786,56.8400843876157,0,2026-09-03 06:33:50
2024-01-09 09:59:00,CNC-01,L,296.0833664457816,310.87571065041953,1609.4382034649147,48.22600355947867,128.90507720139786,2.4851327731042017,14.569785842887294,60.52801535124077,0,2026-09-03 06:33:50
2024-01-09 21:42:00,CNC-01,L,300.4328112025514,312.4033022084531,2551.9380333853164,17.18398606142176,47.94613003254641,3.0726173531832464,8.260203964405045,52.73772284311622,0,2026-09-03 06:33:50
2024-01-09 18:38:00,CNC-03,H,300.40865243198925,314.6270167475796,2044.4901591475443,34.28475051036745,83.13752881893977,2.724075670902112,13.03178437198906,51.06122284280519,0,2026-09-03 06:33:50
2024-01-09 10:16:00,CNC-02,M,302.2426723738596,310.9359678612516,1375.313611591311,53.92613089888881,108.3068702857228,2.2496739494189435,13.776724639578022,45.82283373586721,1,2026-09-03 06:33:50
2024-01-09 00:33:00,CNC-02,M,298.76820677470045,310.17227013292137,2657.6537881731506,13.997096752246234,63.415145314883354,3.1737876076222227,7.197458630605819,52.54119088986828,0,2026-09-03 06:33:50
2024-01-09 06:59:00,CNC-02,M,296.3628676270106,,1795.539370628784,39.324582239940874,42.941107085751845,2.407193107272756,13.110308602973896,53.88340454199729,0,2026-09-03 06:33:50
2024-01-09 08:00:00,CNC-03,H,296.1946160852321,310.9256206306028,1862.2257162661836,41.779532684335734,103.39184603970901,2.5743347906312994,14.47150347099429,58.380693480565654,0,2026-09-03 06:33:50
2024-01-09 05:27:00,CNC-03,H,295.9089920240391,309.70346537827044,2079.74845237816,32.00487670561745,122.32601579729273,2.941555135883787,12.680926016946234,60.40980402076415,0,2026-09-03 06:33:50
2024-01-09 21:00:00,CNC-03,H,300.15444814524693,312.6892178105968,,21.745820400801854,32.356582681547046,3.109003587685783,10.306138386196636,47.63694579729203,0,2026-09-03 06:33:50
2024-01-09 23:40:00,CNC-01,L,299.85615602940953,312.1315875299921,2637.210625722503,15.073908152821502,174.94497252464942,3.652635480380148,7.455921641228309,50.5288043048867,0,2026-09-03 06:33:50
2024-01-09 11:22:00,CNC-03,H,296.8474560725458,310.7371411259211,1281.0042427074297,49.082781595198966,197.68050259589222,2.3789101917749003,11.831929824215432,55.6386927407337,0,2026-09-03 06:33:50
2024-01-09 11:26:00,CNC-02,M,302.7878420206861,311.9623059034594,1533.1840726939904,48.94989533986494,218.9090068146763,3.0212090100454723,14.015525192461782,46.690162003497264,0,2026-09-03 06:33:50
2024-01-09 18:17:00,CNC-02,M,300.47609759919,315.29066073306484,2002.0486214084785,37.28278409636736,138.11692129146545,2.8260019497311197,13.640257340233696,48.5055307007277,0,2026-09-03 06:33:50
2024-01-09 22:07:00,CNC-02,M,300.10099438569233,313.23651197033695,2666.617660105321,18.40130333936295,157.3804220139006,3.3903088946410636,9.37838014770455,50.19030166382254,0,2026-09-03 06:33:50
2024-01-09 14:06:00,CNC-03,H,298.45556244233165,312.8191528119525,1405.0095272688236,48.60865215876909,186.50538032468123,2.5509349280147324,12.69160048637389,57.91611428350085,0,2026-09-03 06:33:50
2024-01-09 02:39:00,CNC-02,M,297.9262479412033,311.3800614457531,2318.7175050860915,24.283309999701313,199.97695374888417,,10.478482178133051,54.92617075309252,0,2026-09-03 06:33:50
2024-01-09 20:08:00,CNC-01,L,300.26091412462273,314.0252652704163,2450.0413997411715,25.118586373561545,157.90297911114766,3.364066397261303,11.717778958218299,50.88116526142538,0,2026-09-03 06:33:50
2024-01-09 11:38:00,CNC-01,L,297.01841841585366,311.2884108162534,1356.5839164193253,52.727240756576286,77.48504118707854,2.1082670761689335,13.451720624942743,57.92771459529919,0,2026-09-03 06:33:50
2024-01-09 17:24:00,CNC-01,L,27.001343368916025,41.832338695350586,1905.9654292434861,39.800978774824145,148.56506534347415,2.7943354815806556,14.213681767210032,52.124971514155085,0,2026-09-03 06:33:50
2024-01-09 09:11:00,CNC-01,L,296.2428224614578,310.138792357385,1638.439526840958,41.89016330856313,54.86923407476872,2.2339372351598943,12.61832533251768,58.548760617797555,0,2026-09-03 06:33:50
2024-01-09 11:35:00,CNC-02,M,302.6148658287894,311.517852848716,1469.1820160767936,49.44101247018349,233.07394218288093,3.0790816933707483,13.402202675562135,48.6535874250309,0,2026-09-03 06:33:50
2024-01-09 14:45:00,CNC-02,M,298.55141481425846,313.0698553939319,1402.233776424208,51.351484722359736,43.41202981343382,1.9401828070845575,13.266768454956457,55.797907318030795,0,2026-09-03 06:33:50
2024-01-09 02:57:00,CNC-02,M,297.998680897138,311.78678596521274,2574.0923255371167,22.925579058872703,220.4588942209068,3.970685751634495,10.974455748729607,60.00583454476584,0,2026-09-03 06:33:50
2024-01-09 09:59:00,CNC-02,M,296.5339627588536,310.71654851913024,1462.4138258825024,47.6637833675921,81.84723584359637,2.024024244373058,12.996146623521142,58.22084231510321,0,2026-09-03 06:33:50
2024-01-09 07:48:00,CNC-03,H,296.1089464586103,310.34206942695505,1764.800089222516,39.975779620292286,86.0267157052487,2.5954683907976666,13.111900652494539,57.48201969531986,0,2026-09-03 06:33:50
2024-01-09 11:05:00,CNC-01,L,297.0374880959847,311.0557878383164,1581.9919203355287,45.62934469361192,25.22195756132017,2.17330649642859,13.78217442718915,60.83715145663419,0,2026-09-03 06:33:50
2024-01-09 13:28:00,CNC-01,L,298.1673268124002,312.29327871152384,1427.892149614935,49.852793347047815,23.629158975241698,2.0820456616340137,13.442224913941661,54.171123184769655,0,2026-09-03 06:33:50
2024-01-09 03:25:00,CNC-03,H,297.1793974913109,311.4657473078101,2390.0594078829063,26.14274662712664,243.51450836020456,3.8688092545976454,11.43409394181518,54.3525736818702,0,2026-09-03 06:33:50
2024-01-09 20:46:00,CNC-02,M,300.7678462060758,313.0205880012012,2601.463819157186,16.65689947121094,66.7655834816279,3.338390266370042,8.098218799162154,48.270369781661394,0,2026-09-03 06:33:50
2024-01-09 23:17:00,CNC-03,H,299.72960578155244,312.36518187623784,2705.9178684795033,16.588886728021702,182.79632619893124,3.5966759115167157,8.606439032862749,54.69376991797512,0,2026-09-03 06:33:50
2024-01-09 21:29:00,CNC-02,M,300.06107229317246,312.9419965946569,2596.00046871074,18.512505887460335,115.43990205960974,3.318527287952523,9.188880137883013,51.72980103984543,0,2026-09-03 06:33:50
2024-01-09 15:42:00,CNC-01,L,26.243070472607144,39.792831050829534,1636.3725811225372,41.30053684931519,2.9751022357263768,2.334084604641049,12.89767271578495,53.38230428512311,0,2026-09-03 06:33:50
2024-01-09 00:19:00,CNC-03,H,298.62301861749677,309.7266933527546,2606.9762614795977,13.41723287236144,39.54112229195645,3.1818465503749436,6.4242925408537594,56.80840876596134,0,2026-09-03 06:33:50
2024-01-09 08:54:00,CNC-03,H,295.8192087190315,310.70050630864995,1537.3074221100258,48.622203262517786,184.02268173498754,2.510395768396711,13.89339443693462,57.10119329628275,0,2026-09-03 06:33:50
2024-01-09 14:18:00,CNC-03,H,298.62348459269026,313.64483811715155,1424.13238638506,52.276212035210655,205.07872252563652,2.680221005708175,13.937685631743323,52.98117757663021,0,2026-09-03 06:33:50
2024-01-09 13:59:00,CNC-01,L,298.491505180992,312.5433821075615,1478.6668884126236,47.879919914315835,72.09599101846209,2.1598009178608937,13.217046356931107,53.92134351048407,0,2026-09-03 06:33:50
2024-01-09 05:35:00,CNC-03,H,296.36342742928775,310.8460910810602,2003.9311619494629,36.20835524517091,132.714720706443,2.8287707990605937,13.616412244769558,59.49857715239066,0,2026-09-03 06:33:50
2024-01-09 14:32:00,CNC-03,H,298.637410763075,313.68451720019453,1511.5765782620306,50.80583712218147,226.70616377594766,3.0014912899365487,14.018083159592186,51.920565103512814,0,2026-09-03 06:33:50
2024-01-09 22:41:00,CNC-03,H,305.1350221324654,311.76839486754693,2707.3863725774963,18.51878971087817,144.3590536923649,3.4692228004270067,9.248173659574142,45.935732516234715,0,2026-09-03 06:33:50
2024-01-09 02:42:00,CNC-02,M,297.6141274084517,311.8997643321492,2301.8664825874,27.767822942738974,203.4075384980265,3.5953429969730375,11.860383037697796,58.96070255495537,0,2026-09-03 06:33:50
2024-01-09 12:58:00,CNC-03,H,297.8458618802694,311.6734960953903,1525.1597432808285,44.35836031861351,79.33004431597308,2.2147890383230426,12.616357364362583,59.55528683057923,0,2026-09-03 06:33:50
2024-01-09 10:26:00,CNC-01,L,296.4702414815919,311.4207013633528,1471.2646840901382,52.93986161342006,171.15237570706896,2.5281099308184687,14.797692857589084,55.33784398204719,0,2026-09-03 06:33:50
2024-01-09 10:00:00,CNC-02,M,296.8898903912482,311.0042935887473,1387.5733751275532,48.841154579747645,83.4207194531932,2.129853549895816,12.458905891627476,58.01795500349042,0,2026-09-03 06:33:50
2024-01-09 11:47:00,CNC-01,L,297.23600685043226,311.7064472862571,1399.160223916529,53.265701197737634,91.7939969488502,2.140083608222715,14.050487428373552,59.36583137350161,0,2026-09-03 06:33:50
2024-01-09 00:59:00,CNC-03,H,298.60073572779106,311.1226177603643,2779.462924234528,17.666053546106124,81.97991548501301,3.3967031563466126,9.1170582544242,56.77115225840803,0,2026-09-03 06:33:50
2024-01-09 20:47:00,CNC-02,M,300.39623300503314,313.31367548849784,2590.445245063313,20.88759772365442,67.87962713506124,3.165498649438773,10.0680632236233,52.73303478284565,0,2026-09-03 06:33:50
2024-01-09 20:11:00,CNC-02,M,300.57674341587915,313.2831378915091,2365.439947341076,21.138148320579106,26.052365344783816,29.683909391042683,9.364553519914743,48.54319154220211,0,2026-09-03 06:33:50
2024-01-09 01:39:25,CNC-02,M,298.76004636911847,311.0041116848691,2671.0352092929033,17.693519971000104,132.94619351099186,3.297994111042666,8.901145625651841,50.75307721045743,0,2026-09-03 06:33:50
2024-01-09 19:14:00,CNC-03,H,300.57328499028444,314.68042235250715,2192.6206419165323,31.214016365288938,128.78487675766002,2.8856887029082237,12.563137531330208,51.84408109872004,0,2026-09-03 06:33:50
2024-01-09 19:09:00,CNC-01,L,300.51278473331524,314.2146238024808,2215.625902422709,29.434918277615544,86.18274856101178,2.9516838156012835,11.8612862412804,50.7224751383307,0,2026-09-03 06:33:50
2024-01-09 04:21:00,CNC-03,H,296.82938898874914,309.6848201401011,2400.119885190279,24.817222737871628,39.78073678721281,2.892261204590486,10.871778579091382,55.82990677936295,0,2026-09-03 06:33:50
2024-01-09 20:11:00,CNC-01,L,300.51535688854824,314.18408015521027,2378.2713113386394,25.565518885161175,161.45042598566155,3.3038043284797864,11.711770609924812,49.16219579931981,0,2026-09-03 06:33:50
2024-01-09 19:26:00,CNC-03,H,300.334244704781,313.198671713734,2219.619103800939,23.64507671035427,143.736581368278,3.0602946689234685,9.778315369799735,51.45393134857452,0,2026-09-03 06:33:50
2024-01-09 05:01:00,CNC-03,H,296.5440237405418,310.43056337023773,2319.8844911340548,29.25716533809721,89.40500203266946,2.9201676127803484,12.732138693469164,60.37605538314335,0,2026-09-03 06:33:50
2024-01-09 17:23:00,CNC-03,H,26.472659381109054,42.2663566134604,1885.953995274771,43.521191677993336,216.3641371200366,3.1411449420946167,15.132029772238848,51.91570737641205,0,2026-09-03 06:33:50
2024-01-09 10:51:00,CNC-03,H,296.279044067296,311.14757228571534,1383.417396376154,53.90102268482186,148.57059885652518,2.1887607724634,13.843685826335632,55.420174738294676,0,2026-09-03 06:33:50
2024-01-09 20:42:00,CNC-03,H,299.8983146044926,312.7786109331821,2466.1469133054,23.90951233416569,11.512904461165903,2.985840231963686,10.857932304633607,54.422920779209036,0,2026-09-03 06:33:50
2024-01-09 05:54:00,CNC-02,M,296.7483535461004,311.413442231787,2174.304378453249,34.0448544674105,183.12805703838674,3.228891105749479,13.609117016914878,60.404015044280996,0,2026-09-03 06:33:50
2024-01-09 01:11:00,CNC-02,M,298.79166778272474,310.67394982365795,2780.122262118083,13.64564171313278,103.84955934939148,3.429918104104798,7.054713733711408,57.58179322086737,0,2026-09-03 06:33:50
2024-01-09 21:56:00,CNC-02,M,300.4167714618672,313.52896547207115,2576.305561472127,19.375816012986277,145.4523422082408,3.3231668280564306,9.341238017229285,45.24910997562423,0,2026-09-03 06:33:50
2024-01-09 21:21:00,CNC-02,M,300.2407591735636,313.0273673979642,2527.9806654008376,18.137875884082263,106.41360442877425,3.1697556039705543,8.426217137065247,52.88418192423563,0,2026-09-03 06:33:50
2024-01-09 20:01:00,CNC-02,M,300.5638865239525,313.9635850840576,2289.963780907801,26.16611524051059,14.3015010479028,2.8239217613606704,11.107214657303874,52.09395095552986,0,2026-09-03 06:33:50
2024-01-09 13:35:00,CNC-01,L,298.6677210534178,312.74990929858274,1501.0613292526643,47.08149356711276,34.643649425781135,2.2415255235847606,13.00235494711048,49.89045934282071,0,2026-09-03 06:33:50
2024-01-09 14:06:00,CNC-01,L,298.5477452863753,312.9530025601448,1455.5647868657488,51.30297554724562,83.07917920175659,2.2436773015711213,13.938318226416502,56.07623154851834,0,2026-09-03 06:33:50
2024-01-09 18:45:00,CNC-01,L,300.6652164041382,313.96207012403926,2174.677477142831,27.56217880557242,55.76799118399765,27.527521917430303,11.216804009313972,53.907475211548295,0,2026-09-03 06:33:50
2024-01-09 01:06:00,CNC-01,L,298.42529720573833,311.1559405458322,2588.325338884071,20.316120994448685,77.75932187300936,3.16923919792844,9.840120612833053,55.60466199785225,0,2026-09-03 06:33:50
2024-01-09 03:35:00,CNC-01,L,296.979974360161,310.3257982219691,2464.242811687192,24.287017570533358,52.84683492783402,2.9701673356708813,11.2541678767099,57.31796507025832,0,2026-09-03 06:33:50
2024-01-09 17:19:19,CNC-03,H,26.303035681041763,41.31079697425537,1715.9668431195212,42.499001988113164,209.4035387939282,2.9720673634082644,13.781520011816584,53.487425207857086,0,2026-09-03 06:33:50
2024-01-09 05:35:00,CNC-02,M,297.0495956000284,311.13950594588124,2103.6029319794957,30.500162761601675,158.26643659474152,2.970286207669015,11.905228055622324,54.58710755598522,0,2026-09-03 06:33:50
2024-01-09 18:05:00,CNC-03,H,26.77246009171688,39.898039414966775,2021.445853030284,29.121362421642278,40.161624233492525,2.630059800766228,11.16913062717097,47.35737359088137,0,2026-09-03 06:33:50
2024-01-09 01:49:00,CNC-02,M,298.70919447395875,311.66167979766345,2623.374774110578,19.870360228355107,144.82311463347372,3.418713651316443,9.71614107459042,52.81556343487604,0,2026-09-03 06:33:50
2024-01-09 23:59:00,CNC-03,H,299.8054833581244,313.34702037202516,2738.696152541358,19.778111869021224,227.54245587984906,3.928570682055459,9.933263419049196,53.674967112993414,0,2026-09-03 06:33:50
2024-01-09 13:00:00,CNC-03,H,297.5122710380879,311.8103661174978,1533.3684526727743,47.50449040835272,82.46657846880987,2.1963148435067827,13.891587642096146,57.70625317835416,0,2026-09-03 06:33:50
2024-01-09 13:53:00,CNC-01,L,298.39648498644976,312.6663849245232,1478.4112708907267,49.938469040800925,62.70013927432455,21.042927260827817,13.855933855402265,52.20623060389962,0,2026-09-03 06:33:50
2024-01-09 10:41:00,CNC-01,L,296.5302590359461,311.4261910975083,1520.3793659244777,49.94340770329151,194.69214481322126,2.9358642824750407,14.144192627809772,56.593631971061306,0,2026-09-03 06:33:50
2024-01-09 21:20:00,CNC-01,L,300.8272498723953,312.68148312454804,2691.1093701409313,15.291356406642713,23.50204578642339,3.2058887791829016,7.475642671697614,51.888653186880056,0,2026-09-03 06:33:50
2024-01-09 03:03:00,CNC-03,H,297.8857573873788,311.52622035969887,2474.7130930033204,23.649663175077446,218.48277022587325,35.99249075646962,11.189689300258252,56.821468070024856,0,2026-09-03 06:33:50
2024-01-09 13:08:00,CNC-01,L,297.9514357516996,312.34897586876656,1299.504021776713,54.16691562691419,220.24811720583597,3.1308441213033626,13.031505455517646,51.52566322096774,1,2026-09-03 06:33:50
2024-01-09 23:58:00,CNC-03,H,299.64124524907476,312.10448064947997,2791.697080974701,14.1646369343966,226.46388970048977,4.082037215525616,7.605444886873,55.00779160887902,0,2026-09-03 06:33:50
2024-01-09 09:14:00,CNC-02,M,296.4440770251929,310.58547068393653,1493.4480169702333,49.551089903941325,12.347806898686262,2.131244988681392,13.692501106359515,53.311512683724985,0,2026-09-03 06:33:50
2024-01-09 10:55:00,CNC-03,H,296.43754999975886,311.03069696654126,1375.3852696648128,53.781404337526126,154.9133158542097,22.41147306170561,13.695438154577067,57.319088220556885,0,2026-09-03 06:33:50
2024-01-09 17:00:02,CNC-02,M,299.9321351378184,313.92383610533193,1979.1742770311246,35.081024021661,33.80425273033041,2.6289066862822215,12.904571204160682,55.863794915574765,0,2026-09-03 06:33:50
2024-01-09 12:48:00,CNC-03,H,297.6851753633838,311.4897668383375,1331.1258606084568,49.43419395574654,63.572033647128215,1.9001382895475192,12.158581628334012,55.795360025490275,0,2026-09-03 06:33:50
2024-01-09 22:05:00,CNC-03,H,305.65583014414227,312.54914745135727,2574.202531859927,19.96400051215249,105.14887879951989,3.179280641768208,9.413517738356703,40.35491874961308,0,2026-09-03 06:33:50
2024-01-09 09:09:00,CNC-01,L,296.0659854951402,309.5352736465067,1388.1948123071445,47.388101322312814,51.86459998532091,2.11682151796504,12.316633245198338,61.93516753493929,0,2026-09-03 06:33:50
2024-01-09 11:30:00,CNC-02,M,302.61179794059916,311.58332019401286,1340.9143062789478,54.044885277314386,225.28239991618383,2.8203871099221205,13.659167311975757,45.03012959466151,1,2026-09-03 06:33:50
2024-01-09 02:46:00,CNC-01,L,297.2779132880333,311.19906822117844,2591.3699645168454,24.1737213441322,187.5338857694806,3.736455657385434,11.855617577134211,54.983970588245306,0,2026-09-03 06:33:50
2024-01-09 04:29:00,CNC-01,L,296.1153884597744,310.159983290407,2230.171331276161,31.08477047677171,117.79832040949407,2.8914240933847615,12.845016061348291,58.200137741157256,0,2026-09-03 06:33:50
2024-01-09 07:11:00,CNC-01,L,296.1708619306496,310.31547719284885,1774.7583209381287,39.16943775524033,113.19639371706933,2.5883548942134844,13.63504291517144,58.666321283434264,0,2026-09-03 06:33:50
2024-01-09 02:13:00,CNC-03,H,298.271801601214,312.02665166942785,2545.281479598587,23.767898307692914,162.1449237033379,3.42652392559954,11.435249063649248,54.91099148323082,0,2026-09-03 06:33:50
2024-01-09 05:11:00,CNC-01,L,301.6437029817361,309.6729847806467,2144.0939177088967,30.85159159931205,169.95480380044202,3.1458314258481628,12.351869665286436,47.40193209536953,0,2026-09-03 06:33:50
2024-01-09 06:19:00,CNC-01,L,295.9080869130656,309.6833607161567,1998.2576002496003,34.79236266978685,41.25520387461768,2.7048408274741806,13.158910582929002,59.41788805603701,0,2026-09-03 06:33:50
2024-01-09 11:03:00,CNC-03,H,296.76156428156867,311.1554719660087,1282.3784592222034,54.23126485988749,167.58246145281058,2.2530899460071696,13.086205193249338,56.88387568696476,0,2026-09-03 06:33:50
2024-01-09 14:28:00,CNC-01,L,298.5463957651997,312.50713940423054,1509.1934289121086,46.04382273150732,117.08570627555191,2.383739535910366,13.209917276486163,54.88154387405991,0,2026-09-03 06:33:50
2024-01-09 02:36:00,CNC-03,H,297.8359249584476,310.5769683548579,2577.3304520697766,18.644668794779584,187.72063185987543,3.5561770736712046,9.058395271583002,57.83709195128259,0,2026-09-03 06:33:50
2024-01-09 11:19:00,CNC-03,H,296.5976164930628,311.1871113887764,1476.426201937964,48.61039107579344,192.91470610066733,2.5837801505979674,13.670105436294394,58.529510814278524,0,2026-09-03 06:33:50
2024-01-09 09:10:00,CNC-01,L,296.3468031069638,310.7942102351009,1515.8254579850231,47.85795605735493,53.39600417270348,2.106536071544478,13.790798165437117,63.84045746795925,0,2026-09-03 06:33:50
2024-01-09 22:45:00,CNC-03,H,305.4389169422818,312.13357307845047,2788.1550612330316,16.687139521233913,148.6074537566274,3.5009977315970002,8.556486167327439,45.16069171426178,0,2026-09-03 06:33:50
2024-01-09 02:58:00,CNC-02,M,297.93092467136927,311.54008023935563,2515.281293582454,23.2051450528986,221.6135987733598,4.004872554247458,10.835903468242831,57.15172786157661,0,2026-09-03 06:33:50
2024-01-09 12:49:00,CNC-03,H,298.0025457929334,311.6352850783241,1374.2961337627892,47.4809577581586,65.15068732649083,1.9930948714232035,,58.20694781368995,0,2026-09-03 06:33:50
2024-01-09 05:45:00,CNC-01,L,301.55870321025975,310.5890920392109,2187.9045361194926,34.59349738375157,213.67863057730236,3.7155226564508195,14.272525357873544,47.0969914932757,0,2026-09-03 06:33:50
2024-01-09 22:25:36,CNC-03,H,305.48679960081813,312.41235099737224,2530.3929816981276,21.157196499509013,128.0970941719747,3.260118303696975,10.116124241333205,41.92756684420667,0,2026-09-03 06:33:50
2024-01-09 08:31:00,CNC-01,L,295.752636401171,310.2307579173652,1713.7087655542427,41.44600696727684,229.60355956694184,3.611959592746137,12.960806370276812,62.47558657400427,0,2026-09-03 06:33:50
2024-01-09 10:16:00,CNC-03,H,296.3365692619675,310.59836421956675,1404.5376790165662,52.83753448569079,93.36890651745595,2.1310551976793066,14.062950531657481,54.845406265499236,0,2026-09-03 06:33:50
2024-01-09 04:43:00,CNC-03,H,296.63296351441284,310.26104547550085,2188.9688679622004,29.999785549001427,66.94965551845613,2.673011825968766,12.275252632109003,58.85699302365303,0,2026-09-03 06:33:50
2024-01-09 20:32:00,CNC-02,M,300.5175393193709,312.9519760145987,2304.703911882679,19.172944670187555,50.76065188279088,2.8604139780155706,8.461278904077759,50.75004502356309,0,2026-09-03 06:33:50
2024-01-09 01:39:00,CNC-02,M,298.67102986067175,310.8935631606456,2677.766326123863,14.284783747272325,134.0093153823311,3.3310064239472705,7.102733732096997,58.54269585719657,0,2026-09-03 06:33:50
2024-01-09 11:28:00,CNC-01,L,297.1316990725118,310.8271918973612,1349.6933324494835,50.02958260899028,61.60397089325195,2.119430811406374,12.827408018885025,58.387000492107525,0,2026-09-03 06:33:50
2024-01-09 10:42:00,CNC-03,H,296.36865063552483,310.7733387164421,1344.7740357711093,53.8492415539367,134.3274736019816,2.140308212425071,13.385261668431172,61.266560621839695,0,2026-09-03 06:33:50
2024-01-09 09:44:00,CNC-01,L,296.2084443148731,310.93772873047044,1514.1357391795923,51.14156185395886,105.50220302833205,2.250108514968584,14.569820051793863,58.868916888647064,0,2026-09-03 06:33:50
2024-01-09 18:58:00,CNC-01,L,300.35214234342635,314.3209399476,2129.0061548779495,32.85268866589037,72.31904855372134,2.795185412400869,12.972002480224361,2052.0521930324344,0,2026-09-03 06:33:50
2024-01-09 19:05:00,CNC-02,M,300.54718027953584,315.3764744387091,2211.3382858905015,32.10254544860625,199.55480695554988,3.483773538782189,13.330483920970519,50.29259429330617,0,2026-09-03 06:33:50
2024-01-09 16:57:00,CNC-03,H,299.85483398871827,314.60172230158685,1810.6089426487908,39.91159747579408,180.21769809145027,2.7293965943934295,13.607822665358787,49.57838450582066,0,2026-09-03 06:33:50
2024-01-09 08:25:00,CNC-01,L,295.85419220288657,311.6401414668115,1683.5783288566658,52.47933637843697,220.74351656816117,3.375851276964542,16.529565797977444,61.96980586451435,1,2026-09-03 06:33:50
2024-01-09 02:37:00,CNC-03,H,0.0,311.6323726478972,2562.9150224899736,23.558950902221323,188.84749538707095,3.6732769439508846,11.304047951217864,52.26081515027284,0,2026-09-03 06:33:50
2024-01-09 10:11:00,CNC-01,L,296.52899090969,311.2204291453244,1342.0103435569488,55.04843930376855,147.61030098506953,2.3685671085978584,13.758680569302781,56.550363384271954,0,2026-09-03 06:33:50
2024-01-09 22:37:00,CNC-03,H,305.3011774638559,311.2064375729839,2601.5195567739615,14.204932364552743,140.07571264617897,3.3378750828137935,6.834835798440415,38.8115175741312,0,2026-09-03 06:33:50
2024-01-09 18:37:00,CNC-02,M,300.6121954108377,315.6184100959183,2063.615033348289,35.284255955996024,164.06834852972244,2.903812078948141,13.513173074482916,55.218982811309765,0,2026-09-03 06:33:50
2024-01-09 23:39:00,CNC-02,M,299.58343712996054,311.03807878527806,2770.6196935865437,12.976041165466942,0.0,3.339517268943461,6.944291928096239,51.928667511048836,0,2026-09-03 06:33:50
2024-01-09 13:53:00,CNC-02,M,298.36306919586514,313.6986283206936,1529.2275243347717,50.902838805335065,202.20236503057487,2.917071792288027,14.672910777028727,53.298003667798845,0,2026-09-03 06:33:50
2024-01-09 01:23:00,CNC-02,M,298.7017524998062,311.08988002441674,2588.816345071523,17.51366130439385,116.81882342186121,3.222913762026584,8.202133426702721,53.05323148221483,0,2026-09-03 06:33:50
2024-01-09 13:10:00,CNC-02,M,297.7751017066616,,1476.0556131565645,52.65577503099653,134.42124448305213,2.2053183748517373,14.523462512816186,55.922975850599016,0,2026-09-03 06:33:50
2024-01-09 11:19:00,CNC-02,M,302.6867649338707,311.7008940494414,1342.436852130126,53.92464219159905,207.8460177537169,2.645985263874028,13.268612117209374,43.372251508991326,0,2026-09-03 06:33:50
2024-01-09 03:27:00,CNC-02,M,297.4550150622154,310.563260547182,2466.6685883489927,24.213320911616375,1.1533474823755814,3.0799082304325553,11.497475641161481,54.5806126413854,0,2026-09-03 06:33:50
2024-01-09 03:03:00,CNC-01,L,297.4373238688598,309.403992110958,2498.4237166376183,18.232898393457862,15.840116508750288,3.019422631101273,0.0,53.70767158226172,0,2026-09-03 06:33:50
2024-01-09 13:56:00,CNC-01,L,298.48497462948745,312.16493010693085,1333.5537607992226,50.0342808393085,67.42153802962648,2.1119423966108366,12.516447481458831,56.00832610594584,0,2026-09-03 06:33:50
2024-01-09 18:14:37,CNC-01,L,300.2251417817206,313.3558189457532,2076.981791732254,30.39231613109515,17.18937969231753,2.6728007536470337,11.948380937356417,46.902418608129764,0,2026-09-03 06:33:50
2024-01-09 16:56:00,CNC-03,H,299.7988705891256,315.20206859245815,1861.6936219034185,43.99495202413428,178.80361611184915,2.858001354739148,15.42232222376031,53.49630136323722,0,2026-09-03 06:33:50
2024-01-09 10:14:00,CNC-03,H,296.248621095684,310.49329187583487,1403.4295227749067,50.228505509064526,90.19231546272965,2.1918504265025005,13.272221399768355,55.06960620224389,0,2026-09-03 06:33:50
2024-01-09 22:56:00,CNC-01,L,300.1891062339294,312.1909944747661,2619.8011843558343,16.347195863316216,128.3797009736709,3.4777178141600893,7.996749105792715,51.19006567961573,0,2026-09-03 06:33:50
2024-01-09 07:04:00,CNC-03,H,296.04335642884394,309.6484934566975,1866.9724052911856,36.619914891392135,23.308710461824585,2.4777411646429206,12.895403303435536,59.11753677512121,0,2026-09-03 06:33:50
2024-01-09 00:17:00,CNC-02,M,298.8707634513184,309.67347984156,2701.8265749637244,10.96439990594021,46.44771137863434,3.289929058511965,5.50853053979015,56.88133072564675,1,2026-09-03 06:33:50
2024-01-09 15:58:00,CNC-03,H,26.267263894183202,40.20996771449478,1805.8013987818808,36.54374461072274,95.53993031718716,2.4471020958796785,12.32620096746957,50.42556739898394,0,2026-09-03 06:33:50
2024-01-09 16:54:00,CNC-01,L,299.90609271927354,314.4891466718634,1928.1832673369713,38.65542530482091,106.83063930431223,2.6699150277261072,14.017272462164557,50.226034588895736,0,2026-09-03 06:33:50
2024-01-09 12:24:00,CNC-03,H,297.0972468416558,311.1483092053892,1416.5326496907917,50.104495561211415,25.40204747735044,2.0406293972295475,13.258705997320906,55.38548013483794,0,2026-09-03 06:33:50
2024-01-09 16:40:00,CNC-02,M,299.67711830181975,313.3012090496984,1850.9509987667445,34.19242883717241,5.633793985289121,2.499480303128094,11.761974502329656,51.535670426372185,0,2026-09-03 06:33:50
2024-01-09 23:33:00,CNC-03,H,299.773632144847,313.40769859134775,2658.978375083947,22.296490819552016,199.80970152495365,3.671579242675655,11.145095606688463,55.944395036584346,0,2026-09-03 06:33:50
2024-01-09 02:40:01,CNC-01,L,297.37323376015246,311.12373664678256,2439.9204193189858,25.148637390960207,180.78717242125418,3.559736461916692,11.4646547398314,56.093764419014946,0,2026-09-03 06:33:50
2024-01-09 05:36:00,CNC-01,L,301.6308314157004,310.10339546180353,2150.25224403834,31.699171113454593,201.99462973398516,3.648464818217214,12.44294684684388,44.531613812377685,0,2026-09-03 06:33:50
2024-01-09 17:10:00,CNC-02,M,27.074165291545626,40.90298228761219,1973.89525091084,32.56439731715813,47.611409795928466,2.4789011463200707,12.217706820723542,49.616516853753794,0,2026-09-03 06:33:50
2024-01-09 21:30:00,CNC-02,M,300.19892759260574,313.5254928385459,2652.0876023041037,19.988510186809606,116.52647226157895,3.2317423772221896,10.003830572130713,49.39330650246673,0,2026-09-03 06:33:50
2024-01-09 06:27:00,CNC-01,L,295.9674248992175,309.87533623678826,1921.4113074369172,36.66130491166413,52.062055801584364,2.4723381183307778,13.143090991677205,56.25487500275883,0,2026-09-03 06:33:50
2024-01-09 05:30:00,CNC-03,H,296.27781120158824,310.4261667549604,2113.5923216745277,33.05668399976684,126.21416667710413,2.9038075886329326,13.274619774343897,62.18857269159859,0,2026-09-03 06:33:50
2024-01-09 14:25:00,CNC-02,M,298.26202532154656,311.8732534347146,1560.5001018356252,43.02805785893442,12.387871267271787,2.2479047190580284,12.364837661399273,52.57936658683918,0,2026-09-03 06:33:50
2024-01-09 12:37:00,CNC-03,H,297.30302436837127,311.4404872859807,1429.058856216979,52.58004001323392,46.084814191754596,2.1851411266488174,13.91953369900942,61.28153673061253,0,2026-09-03 06:33:50
2024-01-09 15:11:00,CNC-02,M,299.04029933111303,313.21999345368147,1636.5522338950268,41.004739084555574,83.21938907501155,2.2664027721933344,12.478908461142563,54.96306662665497,0,2026-09-03 06:33:50
2024-01-09 11:43:00,CNC-03,H,296.8734393832475,311.6138280934565,1334.5294215906897,53.90700988124848,230.86562080190495,2.6172168543540084,13.467451816448312,56.70312522788722,0,2026-09-03 06:33:50
2024-01-09 15:30:00,CNC-03,H,25.71123873720063,39.69491713836521,1585.174028917738,45.91759041426138,54.261338117106895,2.249642622875097,13.66908787745989,52.662096014398976,0,2026-09-03 06:33:50
2024-01-09 04:56:00,CNC-01,L,296.16666735441794,309.9109532321354,2318.5693069176864,26.035262356342145,151.02092994729173,3.2622020460647776,,52.714564374812326,0,2026-09-03 06:33:50
2024-01-09 19:20:00,CNC-03,H,300.4991746271877,315.0872439065998,2182.909154181588,34.20697211772867,136.24092474404708,3.009600181958894,13.971418465930695,51.06399682621455,0,2026-09-03 06:33:50
2024-01-09 19:19:00,CNC-01,L,300.62987599220816,10190.50589390099,2066.7737925488445,32.24799989092037,98.56157191896624,2.7523693008070933,12.513748309216044,52.97504368006677,0,2026-09-03 06:33:50
2024-01-09 02:54:00,CNC-01,L,297.29944945852054,309.6519355304512,2592.8212913716507,20.344467770056532,5.65361910758611,3.1104086759875673,9.861229392691483,58.21518233852002,0,2026-09-03 06:33:50
2024-01-09 17:14:00,CNC-01,L,26.90858777172849,41.3876905312419,2100.1668070542237,35.1080044980373,134.8121854697308,2.953906324879268,13.720715124936696,51.40383794030607,0,2026-09-03 06:33:50
2024-01-09 18:31:00,CNC-03,H,300.45207780597946,313.84111220291965,2119.735843659732,28.61329153346629,74.00851208840751,2.8567310690822154,11.078268313394092,48.31091524095506,0,2026-09-03 06:33:50
2024-01-09 05:29:00,CNC-01,L,301.79120108558635,310.38710610766583,2189.162887453145,32.32865455955494,193.02889131102654,3.4348630745285913,13.495414673156905,50.21466589482573,0,2026-09-03 06:33:50
2024-01-09 03:01:00,CNC-01,L,297.25158977114944,310.1236589128331,2467.3695719543753,22.87445105256727,13.557079304646043,3.065341557099092,10.602168222595795,57.104618896580845,0,2026-09-03 06:33:50
2024-01-09 01:27:00,CNC-01,L,297.9849139531993,310.3267503839474,2549.6343634734935,17.946999445046913,100.6090261911606,3.2492611266861404,8.613574128047139,55.65410708089517,0,2026-09-03 06:33:50
2024-01-09 20:55:00,CNC-03,H,299.9868753033342,312.25038358632736,2417.2285629446396,19.232511431815734,26.550418569524513,2.8898649652267174,8.717073005069027,51.090209527912,0,2026-09-03 06:33:50
2024-01-09 19:11:00,CNC-03,H,300.6001450058578,314.84089886949084,2192.4353023270437,31.394039684012373,124.96429776141909,2.9075925952228694,12.557085559230819,47.83591707481774,0,2026-09-03 06:33:50
2024-01-09 08:50:00,CNC-01,L,295.8156691647432,310.0745640306815,1628.8922869227038,46.545581211330585,22.80207332040441,2.149135341370939,14.014062375830255,58.30469868117233,0,2026-09-03 06:33:50
2024-01-09 16:21:00,CNC-02,M,299.76179908395056,314.54080765899425,1786.682419069996,40.41528507210289,186.5573328099352,2.8800510855826063,13.383857993362748,,0,2026-09-03 06:33:50
2024-01-09 16:43:00,CNC-01,L,300.06754751168205,314.0952081619058,1659.9192171295083,42.97450991789087,91.21793714800893,2.2465800626722014,0.0,57.1291930018629,0,2026-09-03 06:33:50
2024-01-09 04:32:00,CNC-02,M,297.1434049957796,309.6437533015757,2430.613801974253,20.01421848140485,78.47690223279466,2.9550013756095823,9.097740141378042,57.91545321335715,0,2026-09-03 06:33:50
2024-01-09 06:35:00,CNC-02,M,296.59408653365347,309.7266335754673,1956.1921154137397,33.477353815478985,9.558977927288742,2.5710068832112842,12.093563123076303,60.87567216853257,0,2026-09-03 06:33:50
2024-01-09 09:27:00,CNC-02,M,296.4087883488552,310.86309979263604,1665.8640661910797,44.344398618452416,32.29858607836074,2.318841719872615,13.66815449195984,61.29855436842526,0,2026-09-03 06:33:50
2024-01-09 18:28:00,CNC-03,H,300.08017088192474,313.93264453611926,2104.717331829296,31.43902748795101,70.17803556542775,2.698502218536038,12.258088586038502,49.48445759263355,0,2026-09-03 06:33:50
2024-01-09 08:29:00,CNC-02,M,296.3765720632764,311.0592894637436,1590.3107885541247,44.972188098638455,172.97904590107612,2.5706320573225105,13.515897266461796,,0,2026-09-03 06:33:50
2024-01-09 17:46:00,CNC-03,H,26.937509627470774,40.86191833928547,2045.9573515513441,35.51320545132277,14.870286677041559,2.5545480674293346,13.679903528735101,53.97742826962165,0,2026-09-03 06:33:50
2024-01-09 10:45:00,CNC-02,M,302.22115179221305,310.95080885668784,1305.0702859767189,54.627491187356966,154.01298762320036,2.2808377057593683,13.324300760090987,46.248405215156325,1,2026-09-03 06:33:50
2024-01-09 07:49:00,CNC-01,L,296.07107947689735,311.0349661316277,1712.543721556222,45.62126946796407,167.68717084491277,2.776110698784396,14.41342536361902,59.43977503824821,0,2026-09-03 06:33:50
2024-01-09 03:23:00,CNC-02,M,297.46607169650486,312.3870403891116,2489.4815261750628,28.600209798921963,250.47709399230217,4.257018838341555,13.284986122782254,55.35314498651288,0,2026-09-03 06:33:50
2024-01-09 22:11:00,CNC-01,L,300.68697039326463,312.5498548179263,2727.14611455424,15.669319109852143,79.69354490581912,3.3116136991169123,8.107775224370283,51.23966083411776,0,2026-09-03 06:33:50
2024-01-09 10:02:00,CNC-02,M,296.19106531228766,310.54970679105526,1433.277766918738,49.9859823876653,86.48156476999759,2.0845811071933458,13.542206232640629,60.28483509541419,0,2026-09-03 06:33:50
2024-01-09 12:50:00,CNC-01,L,297.72283551889427,312.68849957422333,1363.8022134788084,53.5553286263688,191.6733537529171,2.6284643329777957,13.988789194701603,55.11471529385071,0,2026-09-03 06:33:50
2024-01-09 16:46:00,CNC-01,L,299.6569784658419,313.48162706895056,1719.5834219133708,37.76873081360229,95.55283522225444,2.490422798116296,12.333554263295136,53.6379918975087,0,2026-09-03 06:33:50
2024-01-09 00:18:00,CNC-01,L,298.92434980606697,310.6970351610162,2663.660704633367,15.238361511144507,26.35160942486315,3.159623131388637,7.725906201348829,50.883184676287826,0,2026-09-03 06:33:50
2024-01-09 18:09:00,CNC-03,H,26.979995833750536,41.09075333165163,2001.5783270965533,35.69800951639392,45.44490883249772,2.6233598042992115,13.283684221045952,49.703512943693205,0,2026-09-03 06:33:50
2024-01-09 16:38:00,CNC-03,H,299.65600743739196,314.38497414861524,,42.23689908811389,153.35380901747226,2.5262571759977264,,48.85441558195269,0,2026-09-03 06:33:50
2024-01-09 04:45:00,CNC-01,L,296.3005994169655,309.61466424383605,2296.0941699980567,25.10299213941367,137.34730231654956,3.15876085633813,10.79298875594227,55.17905757353307,0,2026-09-03 06:33:50
2024-01-09 09:53:00,CNC-01,L,296.00917641763317,309.8265732815633,1314.698894670484,49.37945169039738,119.56330865274472,2.11411473746733,11.876618415012286,58.94388647639973,0,2026-09-03 06:33:50
2024-01-09 01:14:00,CNC-01,L,298.4600385527667,310.3640964169243,2760.544397594747,15.018788909031166,86.4259233683783,33.10032418420609,7.856375848517789,48.606061073627885,0,2026-09-03 06:33:50
2024-01-09 00:29:00,CNC-03,H,298.93343422410635,310.2122346889363,2810.143473271492,12.255478995435682,50.148905933129186,3.370367777589689,6.426383493489039,54.54218461674233,0,2026-09-03 06:33:50
2024-01-09 20:29:00,CNC-02,M,300.7532242767972,313.949236209101,2501.317129951794,21.971000421736985,47.228813915685905,3.0271860933760624,10.176208966832474,50.30739311602992,0,2026-09-03 06:33:50
2024-01-09 11:10:00,CNC-03,H,296.70556137850434,311.3373014139098,1436.406539980319,50.56772839346451,178.61017263720734,2.436568242641024,13.449823881134565,56.55540568140422,0,2026-09-03 06:33:50
2024-01-09 22:07:00,CNC-01,L,300.6811043394224,312.43181974600816,2726.802385008147,14.430534959625183,75.3678389859437,3.4013621152178293,7.423365084053644,51.61597732843015,0,2026-09-03 06:33:50
2024-01-09 14:36:00,CNC-02,M,,312.9783377980434,1570.7973407287902,48.58965143146866,29.52402190287915,2.2577514285699305,14.16776714594111,55.20170154308995,0,2026-09-03 06:33:50
2024-01-09 21:51:00,CNC-01,L,300.678549329288,312.1019463807422,2585.69510755665,13.852685832051545,57.809139140760344,3.077185587391598,6.713184492359203,52.329739092818876,0,2026-09-03 06:33:50
2024-01-09 18:56:00,CNC-02,M,300.49406436597786,315.03342031361353,2323.8229216847326,29.194317152281837,188.16748420284426,3.2668653315679403,12.620132280868571,52.50275620842784,0,2026-09-03 06:33:50
2024-01-09 06:39:00,CNC-03,H,295.6160199918647,310.2411689496412,1807.3266234984264,40.28329254698784,218.78935064954374,3.1294404384999917,13.783955238193833,59.468386368258244,0,2026-09-03 06:33:50
2024-01-09 14:56:00,CNC-02,M,299.03873398898264,,1547.2983854845647,46.26331869595978,60.32244737153258,2.2303263438485197,13.226738828369005,50.00092677463222,0,2026-09-03 06:33:50
2024-01-09 17:01:00,CNC-01,L,299.8912684778705,313.82483351359986,1824.2848343111082,37.326164747532786,116.69625872708045,2.583145307024574,12.44812157899943,47.338342885886874,0,2026-09-03 06:33:50
2024-01-09 15:04:00,CNC-02,M,298.9520933452626,313.3851103831416,1526.5119674965006,48.2757002338895,72.61812809215938,2.1616726316324044,14.142282654961509,55.76889870413053,0,2026-09-03 06:33:50
2024-01-09 08:28:00,CNC-03,H,295.8087122325438,310.4621345344205,1623.7404977880244,44.525559065912454,144.83561205966356,2.5270025985913023,13.440253040503887,59.682197174805935,0,2026-09-03 06:33:50
2024-01-09 22:31:00,CNC-01,L,300.4762203306207,313.1811076526688,2625.4781040424677,19.609214329081745,101.25165310849407,3.274420032834858,9.873748747566507,50.251745319463524,0,2026-09-03 06:33:50
2024-01-09 03:28:00,CNC-01,L,297.28595168455433,310.7880751724142,2500.9744222097975,25.553293847977617,44.69473564705979,3.220810834680954,12.189775461163077,53.15337089405959,0,2026-09-03 06:33:50
2024-01-09 00:09:00,CNC-01,L,299.0463846102441,311.37409642656297,2682.7156558198753,17.98133385161902,16.8295308675574,3.2557800404169868,9.166205282746185,50.72686240160001,0,2026-09-03 06:33:50
2024-01-09 00:07:00,CNC-01,L,298.8239407672631,309.96352387321525,2753.3302194847925,12.180831248304692,14.754492645990029,3.310236164572203,6.375536484838788,58.62197723535829,0,2026-09-03 06:33:50
2024-01-09 00:06:00,CNC-03,H,298.79994397596477,309.4173602014645,2742.1153971241,10.984812302012834,25.681198444769574,3.299360904975116,5.557239106673017,50.82776697236918,1,2026-09-03 06:33:50
2024-01-09 18:00:00,CNC-01,L,27.136647794563885,41.89805822514779,1877.080765486294,38.986454004974576,197.3532731555563,3.3508909796723283,13.851402878480105,50.940078050622446,0,2026-09-03 06:33:50
2024-01-09 17:19:00,CNC-03,H,26.63268996138669,41.79354920910049,1788.6115640413063,43.150387321019934,210.8118729324991,3.0961176178472676,14.842599081648086,49.33183861827284,0,2026-09-03 06:33:50
2024-01-09 18:47:00,CNC-03,H,300.27246200135716,314.5359066609246,2218.098290853456,32.66093710348002,94.67866487774164,2.873675403251405,13.580166085833518,53.01165824029435,0,2026-09-03 06:33:50
2024-01-09 07:18:00,CNC-01,L,296.1560493709663,310.33734626429754,1821.323376295395,36.51370230653175,123.0941417773316,2.649846018370474,12.394928473904761,57.51744509807763,0,2026-09-03 06:33:50
2024-01-09 02:12:00,CNC-03,H,298.0881229910377,312.0012152148932,2512.032931185738,25.118159582365664,161.01874576385492,3.354678712919139,11.899232649973,49.9204502972288,0,2026-09-03 06:33:50
2024-01-09 07:00:00,CNC-01,L,295.83234365686354,309.7535267413872,1799.694700732496,38.16673362777992,97.69637261643756,2.440242835003963,12.808194679241012,61.96208189389156,0,2026-09-03 06:33:50
2024-01-09 13:49:00,CNC-01,L,298.3457397492,312.11575312157015,1373.5230972051056,48.67044169605353,56.539141900903,2.108399571779043,12.474971721876445,54.09869475057078,0,2026-09-03 06:33:50
2024-01-09 06:25:00,CNC-01,L,295.8041905035586,309.4602685412941,1830.038247962733,35.2786713051528,49.34257796644273,2.4228068514054772,12.005588363039893,60.51719311250145,0,2026-09-03 06:33:50
2024-01-09 00:28:00,CNC-01,L,298.90493718973846,310.14166663863415,2804.814162518595,12.093274979649506,37.01138334395753,3.265856677222204,6.3177159717528175,51.77002752758492,0,2026-09-03 06:33:50
2024-01-09 10:03:00,CNC-02,M,296.43300395613636,310.35873512688255,1419.1770910662863,46.10846637717877,88.04538182885717,2.2160578306923338,12.096670477014873,60.39201615611112,0,2026-09-03 06:33:50
2024-01-09 13:38:00,CNC-03,H,298.09775047830965,313.125658909279,1380.6330100241023,56.96958270575848,142.68190970498173,2.263570356916636,14.75846696314853,58.70716979553775,0,2026-09-03 06:33:50
2024-01-09 20:31:00,CNC-03,H,300.2762036723025,314.90886097748484,2457.0879605974224,27.88924438403831,221.50291771586328,3.7664927426435173,12.851698262339507,51.81283567994968,0,2026-09-03 06:33:50
2024-01-09 10:44:00,CNC-03,H,296.78058959536787,311.1564991969496,1364.3408920667894,54.30022336162587,137.51506917146656,2.2203682295701883,13.616103923291337,54.14409721916175,0,2026-09-03 06:33:50
2024-01-09 08:21:00,CNC-01,L,295.57032275021766,310.25910597605395,1472.0930764147633,49.61469455387569,214.70140881063787,3.0618913785454227,13.681348244967207,59.97828274455005,0,2026-09-03 06:33:50
2024-01-09 02:38:00,CNC-01,L,297.46106380337545,310.5416032575041,2597.510381066075,19.999823528891334,178.50391395624635,3.711803444082235,9.72375597868454,55.22467861291314,0,2026-09-03 06:33:50
2024-01-09 03:53:00,CNC-03,H,296.9519957340763,309.124127847312,2410.5820221294275,20.043064374579398,5.886833479164364,2.977865053847757,9.205780258912283,53.76106683494333,0,2026-09-03 06:33:50
2024-01-09 05:03:00,CNC-03,H,296.536551611491,310.6770759302964,2181.583427491513,31.874341448545525,91.9306008166653,2.8008869473679963,12.960250459391526,,0,2026-09-03 06:33:50
2024-01-09 01:20:00,CNC-03,H,298.17122536526387,310.4763872996041,2795.9781013860597,16.181393361314967,104.4132843416494,3.5264912213275954,8.330475800896634,52.088279909630835,0,2026-09-03 06:33:50
2024-01-09 08:39:00,CNC-01,L,295.7497503695879,309.9599666902958,1691.8772763037966,44.30854945376635,6.0446155616114225,2.1872772425969274,14.072043074185153,59.586429997592866,0,2026-09-03 06:33:50
2024-01-09 23:30:00,CNC-03,H,299.8908205466298,312.6017882133408,2694.4442140524447,16.64205505504303,196.61552417860628,3.6425172177665126,8.71060030646329,,0,2026-09-03 06:33:50
2024-01-09 02:02:00,CNC-03,H,298.4345891234337,311.21312000637596,2566.260573372316,18.981217743661677,149.95951365233122,3.3462915619964964,8.95893807683445,53.68351807911002,0,2026-09-03 06:33:50
2024-01-09 17:54:00,CNC-03,H,26.92897627882718,40.387092802068196,2082.0845474243583,31.91626272822638,25.452041204372584,,12.567071561424116,49.028816694814836,0,2026-09-03 06:33:50
2024-01-09 21:55:00,CNC-03,H,305.3187993284248,312.12245994200475,2553.2028139695303,20.890720680288222,94.15095728751466,3.199179017794652,9.949044620943962,43.14933856800008,0,2026-09-03 06:33:50
2024-01-09 01:13:00,CNC-01,L,298.491993430241,311.15078098723177,2615.2905306192447,19.781248230776907,,3.1798790286633323,9.71919135307066,55.28507060370476,0,2026-09-03 06:33:50
2024-01-09 17:42:00,CNC-02,M,27.257014587031108,41.67931657212961,1908.1439320144384,38.463183368098825,91.42258303652868,2.5102526267007605,13.881984420342873,49.19124449405046,0,2026-09-03 06:33:50
2024-01-09 09:45:00,CNC-01,L,296.5219946542105,311.07844206853764,1582.8950712380895,48.57477188970129,107.01900790602626,2.3125597354015057,14.372566295544392,57.78998474339042,0,2026-09-03 06:33:50
2024-01-09 16:11:00,CNC-01,L,26.17621822093531,40.22710551799918,1769.9954332483157,39.903008571588956,45.49544185708867,2.452709153414479,13.307781502757102,53.55245519678044,0,2026-09-03 06:33:50
2024-01-09 03:05:00,CNC-03,H,297.78548047361113,311.7047374988066,2498.1626801573893,25.439877655452257,220.76485566007193,3.8107694159600025,11.810577012885263,51.56598146087069,0,2026-09-03 06:33:50
2024-01-09 21:26:00,CNC-03,H,305.96916340821485,312.5560563507484,2572.2662033027505,19.63997880937472,61.771843404573524,3.0966464737446007,9.200026220286704,41.048326887669596,0,2026-09-03 06:33:50
2024-01-09 17:25:00,CNC-01,L,27.078984637100973,41.56844728719096,1896.7108023189223,37.95940276554211,149.93037846576007,2.850700083005411,13.510232087236433,51.71309309980824,0,2026-09-03 06:33:50
2024-01-09 15:53:00,CNC-01,L,26.457356343712945,39.9397789993194,1734.8148209996746,38.5340631562596,19.19412924098342,2.331226475484667,12.738891013249104,49.33410637503751,0,2026-09-03 06:33:50
2024-01-09 09:02:00,CNC-02,M,296.3224828760906,311.9179624155332,1476.8723534788548,54.64312665089067,223.08842497027146,2.9432002507976835,15.153228479870299,57.81373023159711,1,2026-09-03 06:33:50
2024-01-09 14:16:00,CNC-03,H,298.6270160692741,313.7905099409195,1538.0857060512822,51.22976046898432,201.97051542614878,2.7762707574991894,14.728255437709256,52.79768179621794,0,2026-09-03 06:33:50
2024-01-09 08:35:00,CNC-02,M,296.6059544447869,311.8230151719851,1550.8434314076733,50.68189460928468,182.0909002315854,2.618464192235292,14.863438274661661,55.70779569763875,0,2026-09-03 06:33:50
2024-01-09 09:06:00,CNC-02,M,296.4197009247201,309.60734272159715,1333.7351181859972,46.27187097626957,0.0,2.1378889504555123,11.449543639931745,56.50042179841144,0,2026-09-03 06:33:50
2024-01-09 02:51:00,CNC-01,L,297.2994454224637,309.0128893210686,2531.947936356712,17.2686865612069,2.259764207380517,3.08558155783619,8.334860504542748,55.88015095407173,0,2026-09-03 06:33:50
2024-01-09 02:14:00,CNC-01,L,297.76802660427484,311.51740805182453,2493.668270078189,24.56511302435528,151.92958443612764,3.3863437319922833,11.31377154803473,60.65175843663272,0,2026-09-03 06:33:50
2024-01-09 01:43:00,CNC-01,L,298.12330201895617,310.72134900259954,2591.507656170151,19.35679867678222,118.03643226989739,3.3137527686246044,9.306707677743098,55.6445861772709,0,2026-09-03 06:33:50
2024-01-09 11:46:00,CNC-03,H,297.1487918046143,312.15009509819686,1499.0774387639585,49.96917448296046,235.61307456399626,2.9819558091737446,13.896804469522912,55.71451027365431,0,2026-09-03 06:33:50
2024-01-09 10:10:00,CNC-01,L,296.2376963273655,310.32886314529014,1451.8123725791913,46.7894568798734,146.03310879085052,2.4524932865217113,12.603449338399043,59.505564914924285,0,2026-09-03 06:33:50
2024-01-09 12:32:00,CNC-02,M,297.5198768910598,311.70038197101235,1398.94872179449,50.52289193406318,74.48474202372464,2.121000866744213,13.152586037633474,57.9705010028899,0,2026-09-03 06:33:50
2024-01-09 13:26:00,CNC-02,M,297.7246231239495,312.0079697466916,1335.6364146075643,51.26351426495777,159.71231315428082,2.3148234639937124,12.936684059174993,51.0268741754642,0,2026-09-03 06:33:50
2024-01-09 12:55:54,CNC-01,L,298.0262016178721,313.0596222493365,1370.3269578342536,54.32686626325491,,2.9162046685894976,13.502001923027843,58.43129996597541,0,2026-09-03 06:33:50
2024-01-09 19:29:00,CNC-01,L,300.85336248003307,314.81462700429694,2319.6709591478666,27.967556457012584,110.91324590524943,3.0529208923223963,12.485290897751096,50.28743473415675,0,2026-09-03 06:33:50
2024-01-09 06:40:00,CNC-01,L,296.283855546487,310.59886109032556,1870.0312569973505,38.543932017711995,69.90322543515171,2.6022135444841177,13.332525623874329,60.327646902448706,0,2026-09-03 06:33:50
2024-01-09 23:33:00,CNC-01,L,300.2061750009318,312.5433963510706,2787.5614144363717,0.0,167.5851871497984,3.697486332224509,8.0157457511825,53.116643505212934,0,2026-09-03 06:33:50
2024-01-09 09:20:00,CNC-02,M,296.45513141158614,310.49618541396694,1485.9820852056707,46.48634682309192,21.50994578376108,2.1367407177745434,12.889589776938406,62.06085499524289,0,2026-09-03 06:33:50
2024-01-09 21:18:00,CNC-03,H,300.1777072602876,311.77572023782307,2593.1594637000517,14.204974844073892,52.76910078427027,3.1946259977018934,6.791357628461996,52.41593400074464,0,2026-09-03 06:33:50
2024-01-09 01:30:10,CNC-01,L,298.0859950800501,310.2229259784104,2803.5445861212506,14.87594749972628,103.83636925379807,3.3670907680248234,7.917344514726484,48.75658472777945,0,2026-09-03 06:33:50
2024-01-09 09:18:10,CNC-01,L,295.91845845002655,310.1351959485532,1539.2755087770963,48.86897050411087,65.43726068739403,2.2219702942146102,14.139477546283555,58.12434631045337,0,2026-09-03 06:33:50
2024-01-09 10:04:00,CNC-02,M,296.5699476378422,310.85859049912943,1494.245402342316,46.13056132521564,89.57883581108956,2.2698924645492857,12.922185183099,54.209094429125486,0,2026-09-03 06:33:50
2024-01-09 04:44:00,CNC-02,M,0.0,311.3103241612016,2291.9962680480076,28.943021070720004,93.30034976111791,2.8763484892483087,12.353948902463276,54.88776747970345,0,2026-09-03 06:33:50
2024-01-09 07:56:00,CNC-03,H,295.96471004922523,310.58608678967994,1795.9831919811077,42.20983784300681,97.60576977983246,2.4750056444763673,14.134166503772764,65.3039189299726,0,2026-09-03 06:33:50
2024-01-09 20:12:00,CNC-01,L,300.51064018154756,313.73787733603564,2384.4377554347507,22.522538529263358,162.6242606054803,3.298860166385392,9.876512490335696,50.85691407718949,0,2026-09-03 06:33:50
2024-01-09 04:35:00,CNC-01,L,296.2598390747603,310.86677025342664,2175.070012304272,34.02070510165523,125.12161094783514,2.885832368132138,14.09072794801663,57.10010232682203,0,2026-09-03 06:33:50
2024-01-09 21:53:00,CNC-03,H,305.5019216265386,311.5220300944676,2613.8952728523695,16.63371674614919,91.87004222634388,3.141321129800974,8.156689633756088,36.93388728827064,0,2026-09-03 06:33:50
2024-01-09 05:22:00,CNC-03,H,296.4701724644269,309.58058681052154,2139.201476437006,26.268161718940853,115.96642936792426,2.800055593858948,10.602229327536199,57.0322129438271,0,2026-09-03 06:33:50
2024-01-09 07:05:00,CNC-03,H,295.9890844503321,310.1439954233776,1923.1744792191869,38.06027343223298,24.69352297833256,2.4983817423410617,13.69578915484173,61.608676269993076,0,2026-09-03 06:33:50
2024-01-09 13:03:00,CNC-03,H,297.70219549643633,312.1296529059972,1406.9639215223042,52.783448368719114,87.22026180252598,2.0915192510175524,13.910866596132946,55.95175332569077,0,2026-09-03 06:33:50
2024-01-09 11:51:00,CNC-03,H,296.91267632940793,312.3216394505356,1366.5057471863913,56.4302384793051,243.545106952308,2.9656595060225333,14.362505839037423,53.70756202481783,1,2026-09-03 06:33:50
2024-01-09 00:48:00,CNC-03,H,298.8629482492248,310.18762477021676,2706.7810496637926,12.733964513455433,,3.1489823210885586,6.478520131698659,51.242942561681076,0,2026-09-03 06:33:50
2024-01-09 13:29:00,CNC-02,M,298.13628048072763,312.95751738824833,1440.4444805076237,50.06768601505731,164.47102463519118,2.4310451561300646,13.59459329052503,58.445206864115626,0,2026-09-03 06:33:50
2024-01-09 11:57:00,CNC-03,H,297.1013068616298,312.1708446181992,1365.9740509907904,54.16168549802761,253.02924270165636,3.0764932072683777,13.788644942038399,57.452135659489414,1,2026-09-03 06:33:50
2024-01-09 22:01:00,CNC-01,L,300.3159941086738,312.2880582790054,2690.4499537902248,16.23014326510583,68.84002119753664,3.280901721130003,8.319626331255602,49.901488933301586,0,2026-09-03 06:33:50
2024-01-09 21:19:00,CNC-03,H,300.0478429778965,311.5692675646972,2736.4686630751166,13.36610951905309,53.82901412746253,3.2369799915918067,6.865407896685896,50.31412773063898,0,2026-09-03 06:33:50
2024-01-09 05:13:00,CNC-02,M,296.79035795759216,310.98544532613676,2221.804841600451,30.125840317854724,129.8204986446274,2.927065192664842,12.494691304510782,55.05622647952034,0,2026-09-03 06:33:50
2024-01-09 11:54:00,CNC-03,H,296.9522544190187,311.64450192654334,1355.7791037681257,52.298114639596605,248.3160025632772,2.9681913916402602,13.211491683260087,60.36206388399473,0,2026-09-03 06:33:50
2024-01-09 21:15:00,CNC-01,L,300.74709799108086,312.52053086213425,2581.9151086170814,15.82795662476102,17.87534360550296,3.1137636691076938,7.7488099681834,46.44564586851689,0,2026-09-03 06:33:50
2024-01-09 09:48:00,CNC-01,L,296.3056947642425,311.12771500186597,1641.6616386244355,48.66942825515864,111.70786409737133,2.533790833664626,15.060378842024999,55.5869736701972,0,2026-09-03 06:33:50
2024-01-09 05:48:00,CNC-01,L,296.2352821152149,310.20099430676544,1994.5535991406684,35.21929048085514,0.0,2.607253167015456,13.064253294673565,53.63443591994739,0,2026-09-03 06:33:50
2024-01-09 12:40:00,CNC-02,M,297.5019790365788,312.04553133899094,1465.8645313884776,48.79828668266834,87.11124919396192,2.1915821414369905,13.39933213408353,60.37736575458997,0,2026-09-03 06:33:50
2024-01-09 00:31:00,CNC-03,H,298.90671515152883,310.3090036671696,2794.0734824190804,12.510497481725013,52.249968970249874,3.2690688718944254,6.536760114401914,50.47035372575416,0,2026-09-03 06:33:50
2024-01-09 13:49:00,CNC-03,H,298.57772140039356,313.3678559725499,1421.5569224431754,54.99928979214895,159.9646755919457,2.3237333111266545,14.7258255203988,56.284982437633964,0,2026-09-03 06:33:50
2024-01-09 05:50:00,CNC-02,M,297.04913876260724,311.91034476647076,2038.0202591819675,36.479543135125425,177.86737330313147,3.0262779122669707,13.911617469609222,56.237465342754604,0,2026-09-03 06:33:50
2024-01-09 08:43:00,CNC-02,M,296.44006450738186,311.21640522809867,1584.9033580927205,45.72403655790431,194.24837540389655,2.839128292791992,13.783211761579425,56.037573347809314,0,2026-09-03 06:33:50
2024-01-09 02:48:00,CNC-01,L,297.30607310908425,310.3626481494402,2559.6395056637584,20.291804286934667,189.8080356155681,3.7372069073050147,9.656913245414362,55.11044861486405,0,2026-09-03 06:33:50
2024-01-09 07:57:00,CNC-03,H,296.1176214720718,309.9992569106297,1592.2050647953447,39.96106476329956,99.07492025546541,2.336851102408772,11.703409552146496,53.84007134967909,0,2026-09-03 06:33:50
2024-01-09 07:17:00,CNC-01,L,295.729298793833,309.7746474065484,1811.073654058695,38.12499040188771,121.70069971074096,2.6628637099470556,12.626769482405466,60.08703594219447,0,2026-09-03 06:33:50
2024-01-09 03:56:00,CNC-02,M,297.3900045806059,310.74492597871426,2382.506078542851,25.797465756212567,35.3293044778632,2.8708538400047474,11.538852039423286,51.23838378880761,0,2026-09-03 06:33:50
2024-01-09 04:58:00,CNC-03,H,296.5714238052347,310.18838717683894,2165.502570574092,29.140312487358607,85.61077137782706,2.804430953847223,11.867836579435954,52.80062133063096,0,2026-09-03 06:33:50
2024-01-09 04:35:00,CNC-02,M,297.1522946281046,310.69800513100506,2302.060199312734,26.588059149583955,82.23135294814695,2.8154096488281937,11.467336602197511,57.064228397046165,0,2026-09-03 06:33:50
2024-01-09 19:04:00,CNC-03,H,300.44276450621607,312.9236336872943,2274.5103198203387,20.44924039064069,116.17177475047394,2.955394557507201,8.459936333741265,53.17319621167414,0,2026-09-03 06:33:50
2024-01-09 11:44:00,CNC-03,H,297.07859072295025,312.0515186093635,1233.911640134071,56.98840787985586,232.46562080190495,2.7955291029050686,13.225073924057652,55.89277171711608,1,2026-09-03 06:33:50
2024-01-09 05:12:00,CNC-01,L,301.62492599780734,310.1583266629478,2195.5782309479223,31.190115951501305,171.2103430573439,3.3137273469199338,12.82371280165541,47.02529747785767,0,2026-09-03 06:33:50
2024-01-09 11:46:00,CNC-02,M,302.75678443412414,310.45612763295657,1395.3603230377562,46.94285685840947,1.5955851365056457,2.0186381479261497,12.447015598961327,52.54782294759123,0,2026-09-03 06:33:50
2024-01-09 02:16:00,CNC-02,M,298.3925806853749,311.1836530908388,2602.324812438381,18.0148921070087,174.32120287863066,3.4994490364326585,8.829477467364434,55.44656527441531,0,2026-09-03 06:33:50
2024-01-09 00:05:00,CNC-02,M,299.00593751069414,310.76031501965747,2737.7974347037,15.032692339451067,33.68674343994155,3.217185860433194,7.610534054966944,50.95110554765573,0,2026-09-03 06:33:50
2024-01-09 21:13:00,CNC-02,M,300.29049601774585,312.7373675129497,2493.046969905942,16.621055773860412,97.35785164782915,2.968137585866123,7.916777212487069,51.12414661866221,0,2026-09-03 06:33:50
2024-01-09 13:45:00,CNC-01,L,298.4199695103799,312.1438595940901,1521.0433791294192,43.12616757899929,,2.2206185810770376,12.177468632801085,51.373349088987446,0,2026-09-03 06:33:50
2024-01-09 13:52:00,CNC-01,L,298.4557632335432,312.9875328325492,1624.4121767635525,46.89350436869056,61.15092732723162,2.262242837773056,14.301934628134108,53.08419548357332,0,2026-09-03 06:33:50
2024-01-09 22:47:00,CNC-03,H,305.57725147309304,311.23634032619265,2826.979440927198,12.321469980089885,150.69435744394454,3.56344299557012,6.7537564224021,38.645033445571144,0,2026-09-03 06:33:50
2024-01-09 18:02:00,CNC-03,H,26.85507515294529,40.71329990693687,2095.1127127110162,31.044800483411855,36.196753420505544,2.7330360473021607,12.289260934837614,52.19294450502355,0,2026-09-03 06:33:50
2024-01-09 21:01:00,CNC-03,H,300.12750855070533,312.8105349422389,2509.663393753132,20.672935024304007,33.50030967710092,2.9983871382053344,9.83759550304861,53.27350654035646,0,2026-09-03 06:33:50
2024-01-09 07:02:00,CNC-03,H,296.10313935443116,309.7921114198099,1808.2992159566886,37.84565125985031,20.54082321570022,24.071296266085913,12.716508538245876,59.56438394521799,0,2026-09-03 06:33:50
2024-01-09 07:03:00,CNC-02,M,296.39151558074934,310.74850336815865,1885.674501726094,38.943027456932406,48.60310347954606,2.5225281988561545,13.682832420325598,59.01051985185665,0,2026-09-03 06:33:50
2024-01-09 10:00:00,CNC-03,H,296.0673767499855,310.10239405913455,1395.7997578857226,50.18705076962786,68.19093495868434,2.0510284822979745,13.014284057833635,0.0,0,2026-09-03 06:33:50
2024-01-09 01:01:00,CNC-01,L,298.2827245828002,311.2096972456669,2683.903005440333,20.19071708680882,72.35972042517888,3.259827315813487,9.891234076330806,54.420045906448685,0,2026-09-03 06:33:50
2024-01-09 14:15:00,CNC-03,H,298.7837221407155,313.7328952187008,1455.1628363786988,51.52390307512286,200.44514130046974,2.6984014220773043,14.212534472699042,56.03572254194507,0,2026-09-03 06:33:50
2024-01-09 04:33:00,CNC-02,M,297.4494945363062,311.3358314992616,2163.2514984741565,29.281102443203103,79.74857170819243,2.77097145103256,,54.21519028714419,0,2026-09-03 06:33:50
2024-01-09 21:50:00,CNC-03,H,305.43446494081155,312.2366985305974,2478.959871072558,21.44824517525858,88.61569409493596,3.0677929432172983,9.873416309733047,39.56646718731455,0,2026-09-03 06:33:50
2024-01-09 01:15:00,CNC-02,M,298.80701110037796,311.7108385940945,2578.5297639151363,20.69406242066213,108.15934659231569,3.283356764081006,9.84247824463217,49.73189673539921,0,2026-09-03 06:33:50
2024-01-09 12:03:00,CNC-02,M,302.96278100559766,311.35816320695835,1505.482978676985,50.51184937530478,28.57374694610215,2.210097398443611,14.536792414897327,46.49222372396055,0,2026-09-03 06:33:50
2024-01-09 04:41:00,CNC-02,M,297.3232626917365,310.08789108835384,2413.7401617704913,20.948381386217438,89.5967380069341,2.8793764454921096,9.282459483715208,52.821185397515805,0,2026-09-03 06:33:50
2024-01-09 19:58:30,CNC-03,H,300.6233806272615,314.5441381286029,2307.572620214714,26.97281272376284,182.60596991190252,3.3457921668016475,11.585599628258162,50.98301191085438,0,2026-09-03 06:33:50
2024-01-09 20:24:00,CNC-01,L,300.571289602255,314.79975758108645,2414.7236145632455,27.911230664968805,176.80701677536854,3.4513679198344875,12.715284551324649,48.406029880137915,0,2026-09-03 06:33:50
2024-01-09 16:36:00,CNC-03,H,299.3643010585422,313.8280249832318,1784.8096692202573,42.161347066713425,150.50344454556333,2.695102465948765,14.059746869923295,53.24333058277469,0,2026-09-03 06:33:50
2024-01-09 16:07:00,CNC-01,L,26.303770973604912,40.82498180656677,1850.624840738703,41.677677450277116,39.678378630100745,2.4347932089462736,14.306561291306071,52.11874953707878,0,2026-09-03 06:33:50
2024-01-09 05:38:00,CNC-03,H,296.25246067984415,310.0522113955159,2037.530379671203,31.56921242019345,136.63924006009572,27.93717059316286,12.174284665777673,56.38737602754939,0,2026-09-03 06:33:50
2024-01-09 22:02:00,CNC-03,H,305.2591649498991,312.96732157497905,2545.688480959634,24.851577788422173,101.86599200376098,3.124036105147857,11.868565790662373,40.436564308556825,0,2026-09-03 06:33:50
2024-01-09 11:05:00,CNC-02,M,302.46472917770666,310.9147480641461,,50.262432282121296,185.7112262426096,2.5850899992323355,12.720992161383272,44.21376429951249,1,2026-09-03 06:33:50
2024-01-09 11:06:00,CNC-03,H,296.5980836053983,310.68390219093817,1364.5734995212665,48.9633558773665,172.3331697332115,2.395108148608324,12.475526205019506,53.4894396670508,0,2026-09-03 06:33:50
2024-01-09 22:29:00,CNC-02,M,300.1723096303704,313.88014121212365,2759.917483627811,20.936768090853825,181.22827025520309,36.66963711387711,10.697933256298002,49.496093093664726,0,2026-09-03 06:33:50
2024-01-09 22:46:00,CNC-02,M,299.8526300949369,313.5617681467887,2653.387208166131,20.51307813988554,199.42466047104915,3.8881887182517625,10.168014574643376,50.895413520221375,0,2026-09-03 06:33:50
2024-01-09 04:49:00,CNC-03,H,296.4730639329495,310.281662386663,2185.3259802557727,30.710462073064296,74.41103226064149,2.8119041720264937,12.47474173150021,59.12776285368843,0,2026-09-03 06:33:50
2024-01-09 05:46:00,CNC-01,L,301.6906707359197,310.80021296086863,2038.7182073194974,37.017036009545656,215.00535934418733,34.70188084032924,14.088283295996284,52.26751122164269,0,2026-09-03 06:33:50
2024-01-09 07:09:00,CNC-01,L,295.8648543493857,310.3900810098885,1689.0565130065613,43.95705880834224,110.40466216651892,2.524786545389273,13.938913677800937,58.167991973623586,0,2026-09-03 06:33:50
2024-01-09 08:09:00,CNC-03,H,295.85489235597305,310.0499413405218,1620.285856584396,41.979676750645126,116.63254279496073,2.303616396958108,12.93760554298904,54.68502126111971,0,2026-09-03 06:33:50
2024-01-09 05:15:00,CNC-03,H,296.83855078538437,310.247892020321,2162.7809974111747,27.496233574775353,107.06731888846349,2.962228420073358,11.044430899571461,60.05727073767526,0,2026-09-03 06:33:50
2024-01-09 08:42:15,CNC-02,M,296.253111017687,311.4364743936804,1544.6960970280984,49.93349395868402,191.21018493260308,2.7932938281572977,14.514443566128659,64.04021710252218,0,2026-09-03 06:33:50
2024-01-09 21:52:00,CNC-03,H,305.3793427159294,310.67705390083785,,12.629017991516179,90.80337094787441,3.309815989325772,6.389853203434749,42.297096137530495,0,2026-09-03 06:33:50
2024-01-09 16:27:00,CNC-01,L,299.57587659363594,313.571655221578,1949.9865050489818,35.77144161610369,68.3982648500575,2.5655345695232463,13.054836102841408,49.08722702330044,0,2026-09-03 06:33:50
2024-01-09 04:38:00,CNC-03,H,296.63310715819495,310.3527446336812,2275.1667264729467,28.445681404704874,60.627737864923155,2.957194753761285,12.259885964292437,58.884270098828935,0,2026-09-03 06:33:50
2024-01-09 10:13:00,CNC-01,L,296.2621746358476,311.32472521653983,1489.6335350274253,53.07524932689064,150.77537591486748,2.5175471079710556,14.912339449311014,62.466286921368905,0,2026-09-03 06:33:50
2024-01-09 09:06:00,CNC-03,H,296.06442811331453,310.57948304266625,1463.8189434449264,48.13291707673147,202.18920364737218,2.693743544164783,13.067157854586545,59.4630578432237,0,2026-09-03 06:33:50
2024-01-09 15:37:00,CNC-01,L,25.902726078678143,40.87389303238325,1779.9582265499382,43.44969918665511,221.72980228279528,3.529582173198106,14.461282673893455,57.04386410220717,0,2026-09-03 06:33:50
2024-01-09 00:34:00,CNC-02,M,298.9190626737044,310.74603927607626,2678.8978623072703,16.05890999703088,64.47596236629082,3.212991390398536,8.354162748619077,51.44120104401225,0,2026-09-03 06:33:50
2024-01-09 07:08:00,CNC-03,H,296.02767973727566,309.5990643504749,1998.072825067296,34.03612322842288,28.813984320842383,2.5384057260088717,12.785897943884487,54.734440877233986,0,2026-09-03 06:33:50
2024-01-09 05:31:00,CNC-01,L,301.74810511269504,310.71851751283725,2180.4011194050713,34.49233428397081,195.63949392581537,3.4902899650220256,13.876203555007601,52.016183641296266,0,2026-09-03 06:33:50
2024-01-09 16:31:00,CNC-01,L,299.33004308015643,313.41925486378693,1778.704741821333,37.9441120762467,74.12298718621469,2.4043674971483333,12.704923638739139,53.99262662702678,0,2026-09-03 06:33:50
2024-01-09 07:26:00,CNC-01,L,295.85004074362445,310.62681289978383,1812.001118530391,42.38261505536531,134.56098729110826,2.6232683611037926,14.433047699595416,59.75128973838846,0,2026-09-03 06:33:50
2024-01-09 03:27:00,CNC-03,H,297.5935326217598,311.5684345980147,2470.7605653760065,23.27150753414792,245.80104413718541,4.0153005742521035,10.767841630699015,53.97087848987324,0,2026-09-03 06:33:50
2024-01-09 10:24:00,CNC-02,M,302.16968619035765,309.97291809400537,1326.2641963272986,48.1895887370221,120.87809881962595,2.2731355774022397,11.950898628530519,47.222265162504385,1,2026-09-03 06:33:50
2024-01-09 07:49:00,CNC-02,M,296.5010360911902,311.0471815400237,1538.8070757660344,49.41717680307439,113.81787665209329,2.357286916548472,14.00385623998139,57.990481210727694,0,2026-09-03 06:33:50
2024-01-09 04:51:00,CNC-01,L,296.34114084040027,310.31537927250054,2303.3436707739575,28.42971562313416,144.80858959951206,3.2518864878644846,11.972147241659197,59.302204762841065,0,2026-09-03 06:33:50
2024-01-09 08:23:00,CNC-01,L,296.2376357015317,311.4944710368223,1500.832998949534,52.61826094592272,217.75640941093397,3.2153411305076722,14.485028777491454,57.24631971314981,1,2026-09-03 06:33:50
2024-01-09 15:40:00,CNC-02,M,26.233657638605564,40.71233008415169,1696.7506546250547,40.63969186940943,126.49956473580352,2.5624180593316255,12.94723476847647,55.25280986988648,0,2026-09-03 06:33:50
2024-01-09 03:16:00,CNC-03,H,297.5451063031338,311.3711534421277,2542.5505585462965,22.913768791767225,233.22819117950132,3.961819731483779,11.007232553669075,54.822019368293844,0,2026-09-03 06:33:50
2024-01-09 17:36:00,CNC-02,M,26.68902108240593,41.076304173975245,1917.7944486459212,35.78702031037448,83.33230287856041,2.597510059041148,13.01474626114917,47.00471876290687,0,2026-09-03 06:33:50
2024-01-09 11:55:00,CNC-02,M,302.7179814628372,310.90133155940265,1368.6046605090742,53.253380533760335,15.941228439032658,2.067363664991364,13.603777281705174,43.88904911740369,1,2026-09-03 06:33:50
2024-01-09 00:06:00,CNC-02,M,298.95727214226855,310.52911347566567,2823.602244648463,13.800354013073528,34.72353279333492,3.347871711257882,7.325338874441525,52.246590613081416,0,2026-09-03 06:33:50
2024-01-09 18:51:00,CNC-03,H,300.7316775679186,314.2514072133997,2119.7125315900726,29.899718660199117,99.81359373216361,2.7318038962143154,11.843118166111852,48.58108072840606,0,2026-09-03 06:33:50
2024-01-09 15:12:00,CNC-01,L,298.7964226973329,314.1745404881021,1641.4645169018918,47.85574752388641,184.18419134340215,2.755161321859974,14.830963641343395,53.59618348655131,0,2026-09-03 06:33:50
2024-01-09 02:28:00,CNC-02,M,298.2140086841801,311.12482472702567,2697.0909804003445,17.438047293176638,187.65685659727637,36.737697521628874,8.905333436621666,57.380102418240085,0,2026-09-03 06:33:50
2024-01-09 00:33:00,CNC-03,H,298.6537363389377,310.35369443755144,2814.002474622325,14.553171029479593,54.36976016384753,3.4213202830039777,7.653230166400494,51.76497425189888,0,2026-09-03 06:33:50
2024-01-09 12:58:00,CNC-01,L,298.0533914244929,313.762814502043,1493.6593508833519,56.756694720519356,204.3520577110974,2.972518258963738,15.721431173689759,54.65928680186656,1,2026-09-03 06:33:50
2024-01-09 16:57:00,CNC-01,L,299.70509607787454,313.5066348449511,1867.1347835239162,35.606476106955924,111.06573745229052,2.6015512660178155,12.48557821789388,49.916197752315036,0,2026-09-03 06:33:50
2024-01-09 11:20:00,CNC-01,L,297.1049427988352,311.26666026501107,1417.1483096295915,52.09193976782023,48.9515446888621,2.0709102589457227,13.988384281919961,55.53109533504005,0,2026-09-03 06:33:50
2024-01-09 00:35:00,CNC-01,L,298.89300597083036,311.49474370852914,2621.2240258096394,18.935770176380323,44.5623447968944,3.1302531617102627,9.458472122211456,53.8995682267206,0,2026-09-03 06:33:50
2024-01-09 07:07:00,CNC-03,H,295.7388903157516,309.1820795015024,1950.1940382185724,33.727700948312744,27.477183054204264,2.5349255279363216,12.3375610859186,60.47314694100205,0,2026-09-03 06:33:50
2024-01-09 12:20:00,CNC-03,H,297.6528755780071,311.4405984958965,1335.6005095614032,50.26970734768454,19.051076823960663,2.057744755573577,12.701850552000918,57.63322733838757,0,2026-09-03 06:33:50
2024-01-09 03:55:00,CNC-02,M,297.2808076119853,311.21750612056746,2389.352418651898,28.6155689213921,34.139764225111826,2.920722253199602,,55.49139644207242,0,2026-09-03 06:33:50
2024-01-09 13:23:00,CNC-02,M,297.6721431346377,312.32613279880826,1482.527294827079,48.43068471458482,154.96123738783095,2.3988646528588577,13.407874584404365,57.644243186764264,0,2026-09-03 06:33:50
2024-01-09 09:20:00,CNC-01,L,296.07309286020933,310.05733878765926,1474.8632908494567,47.35551886204527,68.55413216764529,2.1472759126031393,13.001678905517464,56.02143819616574,0,2026-09-03 06:33:50
2024-01-09 17:58:00,CNC-03,H,26.516604009782952,40.67808070697026,2152.107538935876,33.48833262136332,30.942493789862365,2.6146300226833805,13.4615865250619,49.714643315087514,0,2026-09-03 06:33:50
2024-01-09 05:06:00,CNC-01,L,301.5591917931715,309.7836557169787,2235.826035809812,29.093012401793874,163.66592191063472,3.213242850863104,12.088428769206823,45.5305019817771,0,2026-09-03 06:33:50
2024-01-09 21:19:00,CNC-01,L,300.5485864311066,312.25049975956136,2478.473272294217,17.735778024946093,22.39847352714141,3.017393689601654,8.20411456024422,57.547635495727555,0,2026-09-03 06:33:50
2024-01-09 00:08:00,CNC-02,M,299.0361549265194,311.61240974863574,2583.161008815488,19.32733422389044,36.85979359792266,3.1491506487111804,9.358089753682057,56.80489737621641,0,2026-09-03 06:33:50
2024-01-09 08:48:00,CNC-03,H,295.90468759817395,310.2658399493196,1573.7318380280994,45.1609883167999,174.81156338698153,2.441440849780086,13.34339597872236,60.84722161700244,0,2026-09-03 06:33:50
2024-01-09 04:40:00,CNC-02,M,296.9998690666916,310.6119543191871,2167.540082490407,28.778583104104293,88.43453819503573,2.791584597970882,,,0,2026-09-03 06:33:50
2024-01-09 10:11:00,CNC-03,H,295.9585103973489,310.0643539816402,1413.7690605610562,50.69599742345973,85.46974726226502,2.1447350126134372,13.401864822534598,58.69286491314889,0,2026-09-03 06:33:50
2024-01-09 10:35:00,CNC-02,M,302.27007344323704,310.76736928457603,1433.9211198906514,50.11335081086474,138.07717909612518,2.223749289651966,13.503366777485995,47.834842598770074,0,2026-09-03 06:33:50
2024-01-09 15:49:00,CNC-02,M,26.20698218579588,41.512802213289945,1573.3077973880506,50.659589352126545,139.8786452742663,2.343515442291571,14.81258277062296,51.46420028421009,0,2026-09-03 06:33:50
2024-01-09 06:15:00,CNC-03,H,295.816111814053,310.2607657611431,1889.0138780126006,35.88865858482103,185.8966162302371,2.95495687011721,12.603887501493348,60.77620920531289,0,2026-09-03 06:33:50
2024-01-09 14:56:34,CNC-02,M,298.9304739324156,312.77073726696847,1551.2945279357807,44.24271496959368,61.85536298804692,2.209462445282147,12.66033263918926,50.56111748823545,0,2026-09-03 06:33:50
2024-01-09 11:44:00,CNC-01,L,297.1785817245241,311.2244193474751,1346.6255303829023,53.64012364666175,87.01776679235016,2.1557390212264913,13.616569192661798,56.35145077811868,0,2026-09-03 06:33:50
2024-01-09 22:06:00,CNC-01,L,300.70064006821275,312.91808975102026,2549.2598344817793,17.67630477602447,74.2775587626768,3.192998217811491,8.189442490991972,54.407807848091494,0,2026-09-03 06:33:50
2024-01-09 10:06:00,CNC-03,H,296.06773203882534,310.2808118679271,1547.1094371556605,47.68453267637578,77.59922298394235,21.414263478893304,13.6272892132431,55.99285784412947,0,2026-09-03 06:33:50
2024-01-09 09:15:00,CNC-03,H,296.2277266095514,311.511029223305,1492.4400214132147,52.07222363137759,215.85901363926004,2.7684829472077364,14.540877345605427,60.11386641525386,0,2026-09-03 06:33:50
2024-01-09 01:23:01,CNC-02,M,298.77110445182666,311.36853388879956,2681.124925106241,18.33112799214588,115.7197659020651,3.326139430779666,9.332476647232708,55.903064203502005,0,2026-09-03 06:33:50
2024-01-09 20:36:00,CNC-02,M,300.7517865489161,313.4888751171975,2529.650096721441,19.86644921060884,55.33182978429751,3.0849801142404885,9.510643656700536,51.394359468254905,0,2026-09-03 06:33:50
2024-01-09 02:05:00,CNC-01,L,297.93794037529585,310.90175784626723,2530.9143195945694,20.172858439819702,141.9945608613269,3.3701459085034116,9.555715631153033,57.25489362170494,0,2026-09-03 06:33:50
2024-01-09 03:12:00,CNC-01,L,297.30376787278175,310.77219073942103,2496.5382489772064,25.047345910821566,26.297404058601156,3.054447928541503,11.629902316409666,56.16844993229519,0,2026-09-03 06:33:50
2024-01-09 10:30:00,CNC-02,M,302.30670236287983,310.9360043979368,1528.0152444303396,47.46713415997791,130.16263965071178,2.288879672991245,13.463219434823971,46.804964489589736,0,2026-09-03 06:33:50
2024-01-09 18:27:00,CNC-03,H,300.0328504103992,313.25890249545057,2178.0497808105824,27.206182846199592,68.89142060664447,2.682814821323753,10.97841680618594,49.79104335920962,0,2026-09-03 06:33:50
2024-01-09 12:27:00,CNC-01,L,297.69750144071946,312.12171229939435,1360.9097655501496,51.525476936881205,155.24364108126687,2.26135594919172,12.975188964104431,54.26641256233434,0,2026-09-03 06:33:50
2024-01-09 22:15:00,CNC-03,H,305.7083841378969,312.160855885807,2529.685808806176,19.173585315404043,116.1984948535915,3.2164336245015464,9.016777410336532,44.652076184934096,0,2026-09-03 06:33:50
2024-01-09 12:30:00,CNC-03,H,297.53579577374757,311.7474652548668,1423.9861623086485,52.11067226436374,34.919015244885045,2.054015307454095,13.50010915866385,55.03463664499909,0,2026-09-03 06:33:50
2024-01-09 06:06:00,CNC-03,H,296.1295165013146,310.90968634093866,1987.1713592872654,37.17728608716778,173.6181025566549,28.516348498094196,13.645673791903315,58.43964943782395,0,2026-09-03 06:33:50
2024-01-09 20:26:00,CNC-03,H,300.19909174942666,314.2702723763889,2301.6551725270906,26.921807529363065,215.64705185420942,3.524732599640928,11.671240723690117,48.256079773679524,0,2026-09-03 06:33:50
2024-01-09 01:51:00,CNC-02,M,298.4747544078802,310.7045876343157,2597.181703693677,16.21271522271645,146.9802801172196,3.424789548537997,7.8960990464425524,56.78621699927777,0,2026-09-03 06:33:50
2024-01-09 18:24:14,CNC-01,L,300.2625651426578,313.80650759402147,2167.2011644380705,31.148081810899686,27.464086522969737,2.7684337015987075,12.635322147010218,47.68364180396506,0,2026-09-03 06:33:50
2024-01-09 12:27:00,CNC-03,H,297.2852520347126,310.6752733718235,1347.8546190848556,48.4088896358619,30.192903496819273,2.0461644216757024,12.207698167878481,53.68072077552381,0,2026-09-03 06:33:50
2024-01-09 21:41:00,CNC-02,M,300.36691640370003,313.6777894329791,2681.352098044726,20.636406447750524,128.84260799439363,3.3956581031093602,10.28602485703813,49.46951273209805,0,2026-09-03 06:33:50
2024-01-09 00:19:00,CNC-02,M,299.10141622211177,309.9732559939261,2737.1423447413626,11.35624613237213,48.539463322952734,3.2461979134924257,5.630581831152241,55.970930937135115,1,2026-09-03 06:33:50
2024-01-09 03:14:00,CNC-02,M,297.8042457011968,312.56744874289444,2399.3139651434212,29.058615381281506,240.0449003194838,4.056050538959299,13.56333778635952,54.81070861726665,0,2026-09-03 06:33:50
2024-01-09 02:54:00,CNC-02,M,298.00517739596495,311.7032401852465,2625.6330107669446,22.444091360525523,217.08783761117544,3.994630019868852,11.116449634187411,54.90134904211324,0,2026-09-03 06:33:50
2024-01-09 01:59:00,CNC-01,L,297.5036770395304,311.0047069262752,2458.5537489260696,23.89470582743801,135.48763669274302,3.2051970009901845,11.082543496276946,54.79705201283114,0,2026-09-03 06:33:50
2024-01-09 09:25:00,CNC-01,L,296.103023234403,310.1198541252146,1597.2395912158845,43.489368236302404,76.12221268936912,2.3138740119936583,13.012861005037841,58.46286256904192,0,2026-09-03 06:33:50
2024-01-09 00:51:00,CNC-02,M,298.8901948806983,310.5487669746222,2704.7168334997036,14.195185854453724,82.28388828051732,3.2269156336726486,7.179160061547709,54.966106006662436,0,2026-09-03 06:33:50
2024-01-09 17:17:00,CNC-02,M,26.947556892596197,41.13489779723733,1951.6585847977744,35.83018714335198,57.3416027942184,2.604545136712041,13.17602305291798,53.84756184560389,0,2026-09-03 06:33:50
2024-01-09 16:20:00,CNC-02,M,299.2198163420477,314.43749713645127,1652.2109851584603,47.406408494705495,185.12841165875508,2.841671244203319,14.41971524627199,48.708719561839246,0,2026-09-03 06:33:50
2024-01-09 14:49:00,CNC-02,M,298.8103948691613,313.14088283083566,1520.926493805643,47.641792447389655,49.63523198128243,2.185468335999438,13.532195368470937,55.21451457829159,0,2026-09-03 06:33:50
2024-01-09 22:44:00,CNC-03,H,305.48432289471504,312.0399544736942,2676.923876458697,17.662827058656106,147.5642689138196,3.450228801778224,8.991877625484781,44.271571699045886,0,2026-09-03 06:33:50
2024-01-09 01:17:00,CNC-01,L,298.47928760238733,310.65834986911443,2587.3078999695044,16.883661119942307,89.68048427382529,3.0289885118857436,8.074598818414566,55.79479314441601,0,2026-09-03 06:33:50
2024-01-09 00:12:00,CNC-01,L,299.1678902738466,311.06746645039584,2860.8434659735362,15.349576084461846,19.919530867557402,3.3907153577797797,8.346273299920606,48.339988549974464,0,2026-09-03 06:33:50
2024-01-09 17:18:00,CNC-02,M,26.642917791475668,41.09923883943031,1916.3442624138606,39.106899694356684,58.71711658166245,2.519823772162368,14.136964532526655,51.044104973755694,0,2026-09-03 06:33:50
2024-01-09 08:42:00,CNC-02,M,296.38811058459146,311.45972839729023,1556.910241933448,48.915533471819444,192.7387320980275,2.7307027666506203,14.2338794114532,61.86463747637619,0,2026-09-03 06:33:50
2024-01-09 20:32:00,CNC-03,H,300.27639646988314,311.46856609287534,2504.0007660747424,15.342295329676114,0.0,3.0615374106108844,7.140948518940957,52.240263382077806,0,2026-09-03 06:33:50
2024-01-09 21:59:00,CNC-03,H,305.6464425313178,312.826906631286,2702.531941890042,21.136452813308523,98.56852933156615,3.3439090175574746,10.568969904834612,39.91172918443781,0,2026-09-03 06:33:50
2024-01-09 23:56:00,CNC-02,M,299.45694684885734,312.16667162984174,2576.8802203644746,20.59926824504198,18.113273168250643,3.1082145966323296,9.968674498102729,50.63359770627739,0,2026-09-03 06:33:50
2024-01-09 18:51:00,CNC-01,L,300.50109191584784,313.82685719605405,2172.429869710562,28.92386279733046,63.312578958774324,2.7846637719080816,11.674242879595722,53.273074251054794,0,2026-09-03 06:33:50
2024-01-09 09:45:00,CNC-03,H,296.1508706504251,309.69713980600875,1437.0388899889074,44.571027824203455,44.683519110420285,2.1025196796315084,,56.92321116857801,0,2026-09-03 06:33:50
2024-01-09 08:25:00,CNC-03,H,295.7529580226957,310.47190079272997,1564.8042766030658,46.63819528401097,140.36917359758573,23.375183103928343,13.595280382831785,55.639765190430424,0,2026-09-03 06:33:50
2024-01-09 01:54:00,CNC-01,L,298.0484475942923,310.49225636607434,2711.753100231719,17.506248643103703,130.00599760572175,3.4233597591693905,9.039761468162736,57.74677376730229,0,2026-09-03 06:33:50
2024-01-09 12:46:00,CNC-01,L,297.4164353715927,312.6842705462466,1438.9022866423622,54.746999236000775,185.3526700928274,2.6569265055625633,14.639365868691096,55.948541368283514,0,2026-09-03 06:33:50
2024-01-09 06:42:00,CNC-03,H,295.91841989876195,311.3288826112672,1960.8041061218482,40.264453775886146,222.8940402047672,3.3742090275306715,14.843282780952876,59.313213709223696,0,2026-09-03 06:33:50
2024-01-09 05:15:00,CNC-01,L,301.8600061830928,310.4539692740987,2219.6720544570617,32.14638084695921,174.98348491295212,3.340819835034056,12.963908866903052,51.63997258140518,0,2026-09-03 06:33:50
2024-01-09 17:33:00,CNC-03,H,26.673544289856807,41.75737685191632,1863.9664418528373,40.293884435182925,230.25852623942805,3.244658194873133,14.394869280010708,51.3995623230433,0,2026-09-03 06:33:50
2024-01-09 06:20:32,CNC-03,H,295.77158891645,310.5087821750509,1960.9396074157123,37.20037410742772,195.3616904420257,3.0326713910727765,13.480653317842677,61.118630839986004,0,2026-09-03 06:33:50
2024-01-09 16:23:00,CNC-01,L,299.77570106301386,313.1054494328967,1786.6735303817852,35.899403105463385,62.70859348964978,2.5218664912650604,12.31944082142187,49.683976058666964,0,2026-09-03 06:33:50
2024-01-09 00:53:51,CNC-02,M,299.1351026346444,312.3219078637588,2510.0191880934053,22.20995774399208,86.56508718677915,3.0819784509195434,10.531811136767523,49.09674240477446,0,2026-09-03 06:33:50
2024-01-09 18:14:00,CNC-02,M,300.58561898197206,315.37193312954156,2068.6223662348098,35.99563733992172,134.1339241674083,2.8333112405537193,14.222951466374406,50.58422566466979,0,2026-09-03 06:33:50
2024-01-09 18:08:00,CNC-02,M,27.45983077972369,41.55349699673741,1973.0150755281318,33.13270071828267,126.27399989227071,2.730792252737733,12.2608058504836,50.32291063718488,0,2026-09-03 06:33:50
2024-01-09 21:09:00,CNC-02,M,300.54637968349317,313.73845377099667,2379.211823899077,23.12306798395499,92.88660716829274,2.998282319296206,10.388571965171955,50.215062197883995,0,2026-09-03 06:33:50
2024-01-09 04:27:00,CNC-01,L,296.40932985138494,310.6302838212845,2345.6297302881253,28.554946001613693,115.30971439025386,3.009660421209112,12.592763572942214,57.011598897305795,0,2026-09-03 06:33:50
2024-01-09 00:32:00,CNC-03,H,298.88190572493465,310.96058783217177,2695.8727418768285,16.255037428927846,53.33404703389475,3.2767245441878607,7.95621057260272,47.81811208380231,0,2026-09-03 06:33:50
2024-01-09 09:20:00,CNC-03,H,296.46971825653014,310.03445927165956,1387.1591695115083,47.96088490102276,6.18974544347701,2.058200460373992,12.722608716311663,60.69838970015543,0,2026-09-03 06:33:50
2024-01-09 14:22:00,CNC-02,M,298.61468237254326,312.587729151592,1431.284129760503,48.20928418225464,7.749763605454129,2.1661033684605253,12.99931111021787,53.80331936892415,0,2026-09-03 06:33:50
2024-01-09 23:47:00,CNC-02,M,299.63412788949466,311.6191324730479,2674.6466861272133,14.7223771890046,8.499788772073499,32.42303408532816,7.326341765510413,51.12168960093471,0,2026-09-03 06:33:50
2024-01-09 09:59:00,CNC-03,H,296.04096046187016,310.5716196186123,1492.0802708755011,49.34263653255677,66.59602129788924,2.0336456809543355,13.409015734861901,60.68227114203101,0,2026-09-03 06:33:50
2024-01-09 11:56:00,CNC-01,L,297.26669687765406,311.0222533814861,1300.7231339058894,51.39812358496995,106.18090562874336,2.081088602902001,12.658736602793343,58.27514243137909,0,2026-09-03 06:33:50
2024-01-09 00:28:00,CNC-03,H,298.9721947129885,310.9522377844075,2681.382853593448,15.930796511639462,631.2448222065135,3.1780490695740933,7.993321064759412,49.940689282738624,0,2026-09-03 06:33:50
2024-01-09 17:48:00,CNC-01,L,27.29479802029971,41.886892224120174,1984.5795856945065,36.49314264694653,181.2846684250776,3.1093581226527456,13.710388529669151,53.125755302074424,0,2026-09-03 06:33:50
2024-01-09 08:16:00,CNC-03,H,296.065745905462,310.9444489797328,1688.009516121418,45.03988008845425,126.92542919306017,23.772465150928713,14.467776537249588,58.07137215520707,0,2026-09-03 06:33:50
2024-01-09 01:50:00,CNC-01,L,298.1283739672601,310.46529637749416,2642.2356852106186,16.850191452273585,125.66647986304034,3.3297094747911165,8.466986651467765,52.76266566453913,0,2026-09-03 06:33:50
2024-01-09 21:03:00,CNC-02,M,300.365451982451,313.0044536291307,2401.7077884877604,19.58207432641511,86.04897961614425,3.0424874994998867,8.575652586005319,50.680318327687786,0,2026-09-03 06:33:50
2024-01-09 07:14:00,CNC-03,H,295.7974423343322,10043.531156878025,1883.145436593305,41.399944199170086,37.41216714497537,2.474745887079558,14.521543033136913,62.53261094707084,0,2026-09-03 06:33:50
2024-01-09 10:15:00,CNC-03,H,296.24370958495626,310.4292667037476,1382.303805706789,51.21241189747069,91.77867037319145,2.2044531903648403,12.967863457827086,61.213996685216415,0,2026-09-03 06:33:50
2024-01-09 23:31:00,CNC-03,H,299.59029445319743,311.7906192519208,2810.485290754424,13.493956009986483,197.64552417860628,3.760454908601103,7.068361377685101,56.40643364912347,0,2026-09-03 06:33:50
2024-01-09 05:09:00,CNC-02,M,297.11919640330643,311.150640682781,2177.9459486751416,30.590077420257273,124.66585973664002,2.9095704054338314,12.327351107529276,51.201684274148455,0,2026-09-03 06:33:50
2024-01-09 13:51:00,CNC-02,M,298.20438979147417,312.7628611246371,1305.3845863819163,51.07543627212579,199.09501688116305,2.6818970745987873,12.580821485165467,58.051031157149886,0,2026-09-03 06:33:50
2024-01-09 11:27:00,CNC-03,H,296.95154612370584,312.2562245719083,1379.030426791688,56.20691773230604,205.62109754960142,2.6020001684069474,14.621386605034772,56.99530135967949,0,2026-09-03 06:33:50
2024-01-09 16:19:00,CNC-01,L,26.42638035708012,40.784749140423685,1897.3769977388724,38.90528196070818,56.96091848264389,2.4320717844030053,14.014497585092741,51.83555485514346,0,2026-09-03 06:33:50
2024-01-09 02:18:00,CNC-03,H,298.25578865160253,311.9608603648481,2656.5868266695425,22.806142403378544,167.6996856029909,3.4060250975323605,11.095952370993535,54.24346628754051,0,2026-09-03 06:33:50
2024-01-09 04:46:00,CNC-02,M,297.2868355323997,311.5378027042244,2273.672700647841,30.360021070489527,95.80890715347122,2.9928367198860193,12.708740579680802,60.824250802618806,0,2026-09-03 06:33:50
2024-01-09 06:43:00,CNC-02,M,296.38023631289695,309.9916900387885,1801.6444343588016,37.14099741929286,20.600707286851648,2.3952722332248224,12.720443323016486,56.93261821828661,0,2026-09-03 06:33:50
2024-01-09 19:51:00,CNC-03,H,300.4471994543324,314.4693407704408,2294.2362367207234,27.919325523013864,2238.4860451463715,3.2985074733418265,11.944377696537742,51.15505304826104,0,2026-09-03 06:33:50
2024-01-09 23:44:00,CNC-01,L,299.7873364550156,312.9138828789585,2644.9229182460112,19.83814980608765,179.24090054193408,3.7030040659430017,9.67531370974256,53.3031959549997,0,2026-09-03 06:33:50
2024-01-09 13:20:00,CNC-03,H,297.91399524779297,312.1639990078049,1511.1369698120973,47.619414055977884,114.12632115375752,2.2150021032738882,13.598900257569511,56.09744563012199,0,2026-09-03 06:33:50
2024-01-09 05:45:00,CNC-03,H,296.24059021755653,310.79908055586367,1935.0991631166344,37.582925758611786,145.79833628671418,2.7291721458453293,13.730226197571332,57.2308203650075,0,2026-09-03 06:33:50
2024-01-09 23:50:00,CNC-03,H,299.30291391566254,311.98853491279334,2700.092730509527,16.6104897519118,218.0197578263277,3.976276554235569,8.332601588277964,51.68968984270303,0,2026-09-03 06:33:50
2024-01-09 02:53:00,CNC-03,H,297.8694087335472,311.2571599643247,2512.975680633444,21.60352305014323,207.0393116896802,3.5526272140613018,10.364359159679296,54.70092027873359,0,2026-09-03 06:33:50
2024-01-09 04:53:00,CNC-02,M,297.0889000698756,310.6035227939614,2381.403074106672,24.433847983608906,104.49145888983875,2.9876172403953416,10.722348403364492,56.93480173333269,0,2026-09-03 06:33:50
2024-01-09 18:04:00,CNC-03,H,26.412389881659863,39.9020673081377,1937.2950830481248,33.9415336095926,38.84289301774661,2.5116916353407066,12.149743466482416,51.91272309648782,0,2026-09-03 06:33:50
2024-01-09 06:20:00,CNC-03,H,296.0361894801924,310.4093431077512,2098.4653264136978,32.572896978569396,192.66427245368092,3.2285342428379424,12.863423985533414,59.077256885021086,0,2026-09-03 06:33:50
2024-01-09 07:13:00,CNC-01,L,295.74679171933246,310.8529132070779,1770.3151304651935,44.56643604359931,116.04440063816138,2.603740554209776,14.705023989571394,59.84678326876503,0,2026-09-03 06:33:50
2024-01-09 02:28:00,CNC-03,H,298.00030761257875,311.83190003496617,2634.5714996104516,23.888267768570973,178.78914376812023,35.2363229503247,11.428925660955795,57.165226224625435,0,2026-09-03 06:33:50
2024-01-09 02:47:00,CNC-03,H,297.8665728085635,311.49888912250515,2452.7586367979407,24.00663933582328,200.15328754413576,3.5266063002844703,10.856570781219983,56.62954358797485,0,2026-09-03 06:33:50
2024-01-09 17:06:00,CNC-02,M,26.685948050755712,40.46379483437704,1920.0423496992894,34.51223417288314,42.09726574744036,2.6327118930041764,12.399067130605399,48.3963185612803,0,2026-09-03 06:33:50
2024-01-09 16:29:00,CNC-01,L,299.6396104137331,313.81050483804177,1919.8885850497074,37.89289484729085,71.25112475163382,2.5179751513884105,13.615062092416379,47.077491279262986,0,2026-09-03 06:33:50
2024-01-09 19:02:00,CNC-01,L,300.70291583245853,314.37774103673024,2280.572643147838,29.58693462190294,77.3625967247919,2.908146202583508,12.790215926741078,50.32738914011672,0,2026-09-03 06:33:50
2024-01-09 22:56:00,CNC-02,M,299.8435630849516,312.7520436712568,2797.1276082236095,15.380467802193275,210.2241004167569,4.026622643230375,7.734379131335371,47.27273736301181,0,2026-09-03 06:33:50
2024-01-09 16:44:00,CNC-03,H,299.60784916876406,314.4168640712389,1727.467043265349,43.54436309757919,161.832365452778,2.569791888598928,14.198855538324741,51.119622254126085,0,2026-09-03 06:33:50
2024-01-09 15:53:00,CNC-02,M,26.23375678762534,41.4789303275449,1665.0912840040696,45.91507255436519,145.80612645150097,2.617936957670547,14.391969984398482,57.227704061415935,0,2026-09-03 06:33:50
2024-01-09 12:05:00,CNC-01,L,297.2646335388987,311.5416570330952,1346.9424380041576,51.156326368557465,120.4696767611581,2.290775514782273,12.97457083565936,53.52611646469461,0,2026-09-03 06:33:50
2024-01-09 13:14:00,CNC-01,L,298.05807767274894,311.55605025424103,1456.7378254242797,45.521062647622024,1.5720757272358998,2.0079788409724504,12.333910946505881,52.148426047659356,0,2026-09-03 06:33:50
2024-01-09 19:28:00,CNC-03,H,300.268718284966,314.0934360561788,2217.552532040683,27.720126731325763,146.21734032069156,2.872217395707928,11.651830248213413,53.322585029889765,0,2026-09-03 06:33:50
2024-01-09 09:23:00,CNC-02,M,296.21308807881985,309.7781389712348,1439.3980277032854,44.008902449801525,26.159546728914073,2.0159055122443785,11.90731097638727,58.14187087514872,0,2026-09-03 06:33:50
2024-01-09 02:19:00,CNC-01,L,297.7883283506383,310.915693985125,2501.1748059040597,22.105113072046972,157.44814138201073,3.4396200323731705,10.451523679180976,55.49395313812946,0,2026-09-03 06:33:50
2024-01-09 13:20:00,CNC-01,L,298.09358563251595,311.5147411450382,1352.3690649220282,49.57335847989378,10.965031071315233,2.0180328469661166,12.405226353613028,54.58702828204141,0,2026-09-03 06:33:50
2024-01-09 07:34:00,CNC-02,M,296.397218927003,311.74604073569367,1918.738760566786,44.28750560372817,92.27804533321006,2.600408370635064,15.911845334765573,58.40711964530719,0,2026-09-03 06:33:50
2024-01-09 03:22:37,CNC-01,L,297.1749521068136,310.93799290074656,2296.373264518142,29.943988349481394,37.71708731394939,2.9006520624735392,12.929943691005015,,0,2026-09-03 06:33:50
2024-01-09 07:40:00,CNC-03,H,296.03608412580417,309.7160944298239,1789.755205651818,36.79009675010303,74.31082344217127,2.4184428855117694,12.16016555874497,56.7247715625144,0,2026-09-03 06:33:50
2024-01-09 14:34:00,CNC-02,M,298.47323188097965,312.721165497697,1508.5617794712102,48.71741348114417,26.43010028761387,2.2353489115372933,13.571475378560434,53.778038648914396,0,2026-09-03 06:33:50
2024-01-09 19:16:37,CNC-01,L,300.4041981641841,314.1275205756316,2306.0214664460527,28.598147689990785,97.25596865352153,2.9453448699901505,12.262375586886067,47.28501650317184,0,2026-09-03 06:33:50
2024-01-09 05:38:00,CNC-02,M,297.02670307805823,310.4808860339347,2356.586800700201,24.309368276153116,162.08310869325717,3.124748603251636,10.828752488230679,51.03366130012752,0,2026-09-03 06:33:50
2024-01-09 09:24:00,CNC-03,H,296.4073261705309,310.12395412861565,1505.2599849913142,45.28598456889334,12.392131340653902,2.146272205676018,12.870108772520632,64.98503024443399,0,2026-09-03 06:33:50
2024-01-09 09:26:59,CNC-01,L,295.7786943414059,309.6475010144284,1460.7905613712026,46.45517448548982,80.69622996547862,,12.836507327316346,59.596776807385666,0,2026-09-03 06:33:50
2024-01-09 00:47:00,CNC-01,L,298.92582812918977,311.1912190187179,2633.0656407932047,17.82337319223685,57.42439473279515,3.148507350603532,8.86967523404041,51.56550481409615,0,2026-09-03 06:33:50
2024-01-09 09:14:00,CNC-03,H,296.2304684164595,310.7840904289921,1670.6708993028888,43.63413030795624,214.31776073650664,28.58648884590683,13.850423921788972,56.51259343082686,0,2026-09-03 06:33:50
2024-01-09 05:34:00,CNC-03,H,296.4853301100015,310.53824330163656,1979.5061107538409,34.282591969279196,131.3764503052011,2.7249064353909542,12.783372986622716,56.73276618416635,0,2026-09-03 06:33:50
2024-01-09 12:59:00,CNC-01,L,297.83771896793473,312.534044174389,1415.866096899928,49.82183540278694,205.91404278070863,2.9370379773598496,13.293261982854599,56.313977839509214,0,2026-09-03 06:33:50
2024-01-09 17:27:00,CNC-01,L,26.924319694577775,40.9458683176548,1931.7501832659434,35.15935428998955,152.6799759517091,2.893633195572732,12.535679923958714,49.927625444595826,0,2026-09-03 06:33:50
2024-01-09 01:41:00,CNC-01,L,298.00063448635035,309.214544766577,2724.98542429424,10.195618971114115,115.85815801963983,3.3990614256186897,5.121774845616577,54.71033443694368,1,2026-09-03 06:33:50
2024-01-09 20:15:00,CNC-03,H,300.28692197224865,314.4620476416649,2426.134493191544,26.321141370417884,202.67660139985648,3.4894926183359782,11.951014507999414,53.59215631822538,0,2026-09-03 06:33:50
2024-01-09 19:45:00,CNC-01,L,0.0,313.5616040206625,2276.8220575794253,25.234435101247477,130.28004971342895,3.158624182314402,10.54672988539445,47.66944448015862,0,2026-09-03 06:33:50
2024-01-09 18:22:00,CNC-03,H,300.1713695177694,314.43615200309006,1996.1150272538086,35.418304205526326,62.422342420319275,2.60232190013682,13.291689886215929,52.258892697237435,0,2026-09-03 06:33:50
2024-01-09 20:10:00,CNC-03,H,300.4850750232587,314.3173680218626,2516.496169569324,23.760586907430422,196.82498104561736,3.541010676114321,11.120590228572636,50.74915350162561,0,2026-09-03 06:33:50
2024-01-09 01:46:00,CNC-03,H,298.3042383736965,310.89132678454115,2687.507591381768,17.374358549364977,132.46177217205906,129.98960617679504,8.665356408678178,49.89330155586404,0,2026-09-03 06:33:50
2024-01-09 13:11:00,CNC-01,L,298.0919085697262,313.0987954626818,1361.9960156019777,54.596437044714,225.02775100014406,3.09262965872621,14.081486848200372,53.90685808893249,1,2026-09-03 06:33:50
2024-01-09 08:51:00,CNC-01,L,295.84248129950134,309.4812663314118,1605.2725987245528,42.67950409474888,24.30909164318667,22.84426768421561,12.926050148209201,55.79112832245687,0,2026-09-03 06:33:50
2024-01-09 06:29:00,CNC-02,M,296.33748938961804,309.75597547040815,2020.856304779469,31.98055848914384,1.3364319164941172,2.674634574991569,12.21667334774393,54.498407412011915,0,2026-09-03 06:33:50
2024-01-09 10:48:00,CNC-02,M,302.2936580252211,311.2162051420111,1406.8498506010906,51.256928236213916,158.78340437434164,2.3457466676286307,13.560866054158161,46.71849093944775,0,2026-09-03 06:33:50
2024-01-09 20:09:00,CNC-02,M,300.52436736854804,313.6369647232048,2446.6079809023327,23.27843238011442,23.71369234293226,2.905290810887576,10.583930549890562,51.76344211004775,0,2026-09-03 06:33:50
2024-01-09 21:54:00,CNC-01,L,300.5934757931841,312.5547574946387,2538.496678542826,16.34097945060745,61.16352691566558,3.1528028377378914,7.9677891471021836,49.809747792492274,0,2026-09-03 06:33:50
2024-01-09 14:10:00,CNC-01,L,298.2682680498435,312.2770864480604,1437.2280200517453,50.51108697394955,89.31328217643505,2.1991825735812904,13.744178564149106,56.146961797747565,0,2026-09-03 06:33:50
2024-01-09 11:00:00,CNC-01,L,297.03291483484514,,1434.8844900807737,47.97487018216201,17.36712964059919,2.1122017500429178,13.015763289459738,57.19902701983788,0,2026-09-03 06:33:50
2024-01-09 09:13:00,CNC-02,M,296.4498279211126,310.5315300864553,1503.8404895851413,48.932313277596464,10.775622993789632,2.1457111076929904,13.558561020590142,58.15315077793219,0,2026-09-03 06:33:50
2024-01-09 00:49:00,CNC-02,M,299.0666605033568,311.56182639264233,2615.1123578986308,19.016887109843164,80.19727864661184,3.221533077630394,9.57111761079904,55.02121881325235,0,2026-09-03 06:33:50
2024-01-09 21:34:41,CNC-02,M,300.16655120978436,313.0651387181388,2455.853483688861,19.28660001400255,121.0686888226507,3.16488863293675,9.02541014880801,55.61248426864911,0,2026-09-03 06:33:50
2024-01-09 00:02:00,CNC-01,L,299.27082182651793,310.69561447084465,2712.733490336355,14.55058068997812,9.397866236179958,3.289436239487797,7.425551351798649,52.45633655015772,0,2026-09-03 06:33:50
2024-01-09 02:31:00,CNC-01,L,297.41491669531104,310.09718803930343,2736.1415234886417,16.857189118762847,170.7535603325486,3.7491816729796907,8.768888518364761,52.981439600867986,0,2026-09-03 06:33:50
2024-01-09 09:57:00,CNC-01,L,296.449883427433,310.82428926257165,1477.1617771981491,49.0882962753746,125.80844204684162,2.371998163185379,13.594274527269114,51.79082496944258,0,2026-09-03 06:33:50
2024-01-09 00:55:00,CNC-03,H,298.8939262602316,311.3844738258955,2714.846285206312,18.8573488851363,77.74718714297782,3.321630082114079,9.488214081088074,51.485333331913544,0,2026-09-03 06:33:50
2024-01-09 07:09:00,CNC-02,M,296.21570919000004,309.8608743060132,1995.601361522155,31.78075795537658,56.88250061913251,2.627299901052625,11.870947049086746,59.69781244684014,0,2026-09-03 06:33:50
2024-01-09 19:44:00,CNC-03,H,300.47223526313104,315.03968047665717,2348.105065288458,29.92980814383876,165.73940092122686,3.143409977484724,12.902327412907768,48.99583811635793,0,2026-09-03 06:33:50
2024-01-09 03:42:00,CNC-02,M,297.5064904079005,309.9928023549112,2476.6128752890213,22.0433368231014,18.672004730297694,3.0838968158010713,10.143640476518387,56.952464229035904,0,2026-09-03 06:33:50
2024-01-09 13:02:00,CNC-01,L,297.8215015573781,312.5121944990673,1396.0246200241868,52.27755072517188,210.6826682087244,2.866259366510552,13.64523033538191,59.104060646384134,1,2026-09-03 06:33:50
2024-01-09 12:49:00,CNC-01,L,297.95427881576575,313.24347618402726,1607.8137789014688,48.9114225816721,190.07601443305865,2.9371897531499984,14.649062871607017,56.81024952106777,0,2026-09-03 06:33:50
2024-01-09 19:50:00,CNC-03,H,300.23764115134543,314.52698979802807,2290.9884682964926,29.038710821161526,172.97112108709732,3.2087091428462573,12.517707306510959,51.92725463162287,0,2026-09-03 06:33:50
2024-01-09 05:48:00,CNC-03,H,296.3429632513307,311.2653781209418,2041.553544652461,37.7284619195355,149.83015590698253,2.9071276975952474,14.508506870090207,61.519565705449615,0,2026-09-03 06:33:50
2024-01-09 17:00:55,CNC-01,L,300.0488111426566,314.0192835012635,1877.8518514138507,36.48677669622202,115.2950481668154,2.6279148669072274,12.929812460158992,50.072199606798804,0,2026-09-03 06:33:50
2024-01-09 07:17:00,CNC-02,M,296.5287633777362,311.3391745059928,1884.9603240997521,41.088475197079475,,2.5271636123112073,14.38943905126556,60.43627614828149,0,2026-09-03 06:33:50
2024-01-09 01:55:00,CNC-02,M,298.2282831974165,310.6023320320907,2683.2083900384055,14.904501387571365,151.3329536659489,3.3764837486460424,7.655138533669229,54.21049857554309,0,2026-09-03 06:33:50
2024-01-09 14:46:00,CNC-01,L,298.5824309390028,313.0610011257156,1692.2156163966495,41.83154614396938,144.63806134233155,2.649832258625571,13.10579666150003,53.404811446383206,0,2026-09-03 06:33:50
2024-01-09 01:49:00,CNC-03,H,298.43946901745426,311.26369115771973,2509.1018583454425,20.300704107096557,135.76576695658875,32.17133399907761,9.260733038515228,53.866118195336504,0,2026-09-03 06:33:50
2024-01-09 16:58:00,CNC-02,M,299.88584808236646,314.05012577522575,1779.5411917092263,40.98757297092352,31.082357462824362,2.4296362375738507,13.371472323143035,52.91884409140445,0,2026-09-03 06:33:50
2024-01-09 19:42:00,CNC-03,H,300.6902377438325,313.8136297001222,2267.508752715831,23.644259009218494,163.31960978405434,3.128774689412445,10.164021273132079,48.87488481082114,0,2026-09-03 06:33:50
2024-01-09 15:48:00,CNC-03,H,25.799815560663035,40.28830679702668,1603.5344128877935,46.023124005563524,81.02272813438415,2.276604133009718,13.894934633845107,57.55893200915501,0,2026-09-03 06:33:50
2024-01-09 03:55:00,CNC-03,H,297.1846130093098,309.53192184554075,2554.7061694058375,19.559502262803584,8.238613978042812,3.1051519293668908,9.514665175686881,53.19738013503777,0,2026-09-03 06:33:50
2024-01-09 08:56:00,CNC-01,L,295.8471851147191,309.50904538690673,1470.8369076761849,44.994898014039876,31.88744161093667,2.188494238449398,12.29832174895123,58.459870171164056,0,2026-09-03 06:33:50
2024-01-09 10:21:00,CNC-01,L,296.8056906613717,311.6730212430464,1475.3719901665377,50.93911248344002,163.2999110374671,2.591834082366547,14.029530623086663,58.22162374194232,0,2026-09-03 06:33:50
2024-01-09 21:11:00,CNC-02,M,300.3027879120304,313.5843905703991,2518.2098679813175,22.02014306875458,95.08880153082436,3.1499627052198793,10.369892880785178,47.65974107396471,0,2026-09-03 06:33:50
2024-01-09 14:58:00,CNC-02,M,298.6899966075131,312.87279159581277,1515.5469409393238,46.07296568367502,63.38975281109397,2.145522916560456,12.90830362611298,52.91496057938602,0,2026-09-03 06:33:50
2024-01-09 18:35:00,CNC-03,H,300.1270989308951,313.0750074266647,2131.194723433539,25.72285215250635,79.21059569078258,2.7400361994822027,10.18747224410467,54.99681284344453,0,2026-09-03 06:33:50
2024-01-09 18:36:00,CNC-02,M,300.33007289967674,315.1896780604624,2063.7252235902165,34.56830430947706,162.73935270120737,3.10781555550428,13.143739480071241,51.88754166465095,0,2026-09-03 06:33:50
2024-01-09 17:22:00,CNC-03,H,26.737192106063105,41.82345877660413,1842.0908182232747,40.380358688240506,214.93127195038758,3.012116149600272,13.917649366998447,58.260103703481946,0,2026-09-03 06:33:50
2024-01-09 06:06:00,CNC-01,L,296.1979638855461,309.9343507376488,2109.9730334505975,33.49740040544988,23.759734145617774,2.7148163397506035,12.951697390846233,58.27119379782582,0,2026-09-03 06:33:50
2024-01-09 23:45:00,CNC-03,H,299.5404213827099,312.32693267832656,2665.4682294452546,18.387137154063957,212.63902608920236,,9.104223429848984,52.974955794059255,0,2026-09-03 06:33:50
2024-01-09 16:13:00,CNC-01,L,26.278828809870276,40.5396331764498,1784.9077209755358,41.46653045599665,48.38754296207944,2.4132914574752857,14.020994502269119,53.819184708204425,0,2026-09-03 06:33:50
2024-01-09 07:42:00,CNC-03,H,295.66657827823826,309.8980406617902,1647.499238666288,43.668208526645294,77.28268850131883,2.3974537988393956,13.48683361005345,58.10804281189025,0,2026-09-03 06:33:50
2024-01-09 12:17:00,CNC-03,H,297.18394281939027,310.9128319691692,1466.6700978843953,48.06690707416115,14.34030188667759,2.1131416670487333,13.23862362667039,58.712821451903324,0,2026-09-03 06:33:50
2024-01-09 01:09:00,CNC-02,M,298.9298333277098,311.568153312654,2661.0008993301,18.925271072265343,101.74977154324775,3.2506859663684096,9.319251903049302,54.09515053050328,0,2026-09-03 06:33:50
2024-01-09 21:42:00,CNC-03,H,305.46824461212975,311.95356182148424,2642.74724454199,18.377697005723448,79.66065155579034,3.2844757150254367,9.314786741296468,39.08048734581114,0,2026-09-03 06:33:50
2024-01-09 09:29:00,CNC-03,H,296.2530023068655,309.8218795059865,1459.242582785091,45.30625022269264,20.08608811645664,2.072806546372999,12.143067979944155,54.80098286948039,0,2026-09-03 06:33:50
2024-01-09 02:43:00,CNC-03,H,297.9654564077457,311.45777105205224,2693.126978768763,20.72592012819618,195.63724988889535,3.7444322905063157,10.709323242214188,54.77800844224717,0,2026-09-03 06:33:50
2024-01-09 21:01:00,CNC-01,L,300.4323090107831,312.1703595792788,2351.7148061773996,19.768673581791397,2.2910658896193055,3.01132139212524,9.041255588570916,54.30390944649558,0,2026-09-03 06:33:50
2024-01-09 10:43:00,CNC-01,L,296.6643939164284,311.3908536998156,1386.6833831598285,51.297728731004135,197.89164798142886,2.8465717660685717,13.274312211218907,55.263681982949514,0,2026-09-03 06:33:50
2024-01-09 00:49:00,CNC-03,H,298.62847196670634,310.0629064787108,2690.087330492491,13.212759941213108,71.37501760277249,3.2811657656963815,6.498995896928464,52.44069265099449,0,2026-09-03 06:33:50
2024-01-09 20:12:00,CNC-02,M,300.2185596569755,313.0174709260402,2358.2944994432955,22.79755889282021,27.273161788993093,2.8413364093432323,10.326234929573328,53.70870234105843,0,2026-09-03 06:33:50
2024-01-09 04:24:00,CNC-03,H,296.6764746438953,309.74851378949813,2450.1793073330577,24.196080551938277,43.423661541407114,2.955211457756895,11.299430254621695,58.61381793981037,0,2026-09-03 06:33:50
2024-01-09 06:44:00,CNC-03,H,295.96979873137474,311.06563782774475,1977.964411492468,39.267781821533625,225.62932465789333,3.2940790774271207,14.582652328992717,55.05091267098897,0,2026-09-03 06:33:50
2024-01-09 18:52:00,CNC-02,M,300.77868974090103,315.50498764841495,2273.0771282727046,30.945629459172842,183.10827088058645,3.344445904102829,13.540312519505258,48.54360533228268,0,2026-09-03 06:33:50
2024-01-09 02:59:00,CNC-03,H,297.79615726737745,311.65945891061904,2542.499712745108,22.902345662833905,213.84389596445246,3.845957838623636,10.71708056176152,53.09901290985137,0,2026-09-03 06:33:50
2024-01-09 02:27:00,CNC-01,L,297.51835251546356,310.21574882929826,2641.9381166828834,17.39983303527293,166.35524505165992,3.7503931798665286,8.688982646985892,53.26543385224461,0,2026-09-03 06:33:50
2024-01-09 14:36:00,CNC-03,H,298.804779789943,314.00121610307383,1534.170263722357,49.85611215843959,232.88780372715817,2.9604440645248644,14.32426188531096,59.709689712641406,0,2026-09-03 06:33:50
2024-01-09 06:08:00,CNC-02,M,296.48416813723475,310.89005641883,1960.986523314846,34.34274991963157,201.97318249778422,3.19741560765744,12.592931460534889,56.978342535819486,0,2026-09-03 06:33:50
2024-01-09 04:19:00,CNC-03,H,296.6427964617465,309.7165048733535,2223.257928130153,26.627377616192092,37.32211712509708,2.8481557649148224,10.890781277241382,54.8497692528109,0,2026-09-03 06:33:50
2024-01-09 18:45:00,CNC-02,M,300.37216354361317,314.6504545014746,2107.3741012250284,31.191248212166464,174.2954368372051,3.122673716087747,12.157069650061336,49.04203028756208,0,2026-09-03 06:33:50
2024-01-09 09:36:00,CNC-01,L,296.2345103691933,310.490849659501,1468.217294915639,49.33890566640346,93.02121727783111,2.224518373788017,13.479548467359919,60.70593349781257,0,2026-09-03 06:33:50
2024-01-09 08:12:00,CNC-03,H,295.81577696650703,310.1989560519499,1745.6942639694432,40.30474913309592,121.02557179507981,2.4319601739645313,13.281692639223804,58.55092423844244,0,2026-09-03 06:33:50
2024-01-09 14:42:00,CNC-01,L,298.5506511458224,312.83139322590006,1612.7635195409925,42.71013184428518,138.59608142262977,2.4547356370173485,12.877319799568049,53.25473298512767,0,2026-09-03 06:33:50
2024-01-09 00:53:00,CNC-01,L,298.4912841408334,309.6485760893289,2709.180885847529,12.085442146774627,63.777256417598615,3.3213141650898477,6.025311555379263,53.60643407723252,1,2026-09-03 06:33:50
2024-01-09 11:02:00,CNC-01,L,296.62087534733695,310.6609864531746,1416.998582255194,49.94763375991654,20.54429708479893,2.0932829082562994,12.86036966456018,56.10730794503914,0,2026-09-03 06:33:50
2024-01-09 13:58:00,CNC-03,H,298.54356573396143,313.4426402740152,1435.2733303711132,52.98993522606374,174.03914363583246,2.472685413392558,14.17986638919481,54.53740342783851,0,2026-09-03 06:33:50
2024-01-09 19:38:00,CNC-02,M,300.5511840995217,314.54241806265935,2229.208204983658,27.00435945577896,240.11919225607892,3.876114267275143,11.260778659328741,45.881820765015476,0,2026-09-03 06:33:50
2024-01-09 01:26:00,CNC-02,M,298.7671341565565,311.2201585029853,2590.6509217063044,18.953720884429288,120.0840678467571,3.3180923606619244,9.227042716758149,53.46222233109454,0,2026-09-03 06:33:50
2024-01-09 09:33:00,CNC-03,H,296.2103750960359,310.35206175723675,1633.5638174698502,45.554441593922746,26.149011164133075,2.185654829695474,13.868170033815458,55.55374383379785,0,2026-09-03 06:33:50
2024-01-09 18:03:00,CNC-02,M,27.227781444269965,41.14981789989173,2088.6641549084343,29.1679158800875,119.52850486518152,2.770800932242443,11.201353635373994,51.80088963456862,0,2026-09-03 06:33:50
2024-01-09 18:55:00,CNC-03,H,300.4963119310123,313.69314479562416,2199.685805328483,26.412931006274597,104.88077337482623,2.799978800137033,10.94590764639437,52.642274817852886,0,2026-09-03 06:33:50
2024-01-09 04:10:00,CNC-02,M,297.39484942675307,310.75026667242287,2257.255949556067,26.35728868899323,52.01897862475143,0.0,11.30734992073776,52.10883215646725,0,2026-09-03 06:33:50
2024-01-09 03:32:00,CNC-03,H,297.5537674154053,311.4165249610628,2639.005321489336,21.6384682030411,0.0,4.303872228510819,10.64229746995954,56.674378478636534,0,2026-09-03 06:33:50
2024-01-09 16:57:00,CNC-02,M,299.7041146651688,313.6534996871258,1920.5159368293328,36.3369102998339,29.642728281748948,2.5169090532570673,,55.33010992863847,0,2026-09-03 06:33:50
2024-01-09 06:56:00,CNC-03,H,295.5839771547617,308.929183927198,1880.937479519406,33.775660436427096,12.274905403335493,2.468225310979521,11.990227933807367,59.8882841262044,0,2026-09-03 06:33:50
2024-01-09 19:29:00,CNC-02,M,300.19600600250743,314.38642336204225,2360.8085421918904,27.387407719399445,229.17387607246843,3.858244468721306,12.047924587313927,48.536440622340116,0,2026-09-03 06:33:50
2024-01-09 13:46:00,CNC-03,H,298.32467562612754,313.147213962218,1474.537070135514,50.39276796140384,155.18089093128523,2.2228208978372255,13.842199386526422,57.1692608609974,0,2026-09-03 06:33:50
2024-01-09 16:01:00,CNC-01,L,26.397627981261166,40.411254713032974,1756.5803677147603,40.378382180628684,30.99788482967955,2.388319044803399,13.324228081507966,51.20157365568246,0,2026-09-03 06:33:50
2024-01-09 19:30:00,CNC-03,H,300.22035880077595,314.101421610308,2184.955926945812,28.812304348914786,148.6971479262124,2.9597649374676966,11.877935166754726,49.80334981333295,0,2026-09-03 06:33:50
2024-01-09 10:08:00,CNC-02,M,296.44686512447373,311.1652127273265,1480.0047095701748,51.02325722721987,95.81285750040028,2.235290219299735,14.217998696944221,60.59454811712944,0,2026-09-03 06:33:50
2024-01-09 03:47:00,CNC-02,M,297.5245593261482,309.86398060774667,2375.97311296724,21.14561503797577,24.56947762678866,2.878434592508183,9.525386332117545,52.88210131056489,0,2026-09-03 06:33:50
2024-01-09 17:35:00,CNC-01,L,26.967294721075234,40.84905209826678,1909.4102108998852,33.16955705392061,163.66829773908694,2.954821669665869,11.77712892663151,48.381664308801966,0,2026-09-03 06:33:50
2024-01-09 12:04:00,CNC-03,H,296.9717249894457,311.72810629241474,1339.6025693742235,50.52598612134646,264.15430319670105,3.2598778575388554,12.52654184270084,58.324655912426046,1,2026-09-03 06:33:50
2024-01-09 17:24:00,CNC-03,H,26.623148355842318,41.34571989534987,1923.9619689517046,38.264870243885554,217.71861976287698,0.0,13.814610695788156,52.49689661939008,0,2026-09-03 06:33:50
2024-01-09 11:38:00,CNC-02,M,302.55999562062624,312.22898312927396,1410.2299178127587,56.65611289829091,237.8472464692212,30.633974085072843,15.059482089953852,43.58874761407402,1,2026-09-03 06:33:50
2024-01-09 20:04:00,CNC-02,M,300.34498335671856,312.7085780953524,2461.8132847823717,18.816956042992032,17.82903613988765,3.044787707292619,8.62124307819396,51.1367993802719,0,2026-09-03 06:33:50
2024-01-09 18:12:00,CNC-01,L,300.14722059458336,313.3371388658844,1978.8735067908092,30.96058044201558,13.224690523509596,2.5835426444259095,11.343883891843248,48.04659823219491,0,2026-09-03 06:33:50
2024-01-09 11:00:00,CNC-02,M,302.2881350729344,311.03618479865156,1380.7443145574612,53.63614030600569,177.7678294969651,2.502089978225109,13.916239103915107,48.164427941816335,0,2026-09-03 06:33:50
2024-01-09 00:11:00,CNC-02,M,298.8895891091271,310.907904892443,2683.833263816262,16.686514808181634,40.09178180668807,3.0870979591911927,8.38734975427811,56.321570732076935,0,2026-09-03 06:33:50
2024-01-09 03:51:00,CNC-03,H,297.36660450812155,309.1829674296416,2429.5601747210185,17.860823560480863,3.506985215608327,2.94963119911859,8.233126596946253,57.853487525924706,0,2026-09-03 06:33:50
2024-01-09 08:09:00,CNC-02,M,296.4032057110996,310.3699633092062,1517.3349751975477,43.52107285345234,143.29151162264787,2.38552834651256,12.431704281188194,59.78834052861768,0,2026-09-03 06:33:50
2024-01-09 20:28:41,CNC-02,M,300.48743861827546,313.33001315697527,2411.256428445125,22.12324947692661,46.099350755164345,2.9252305499243025,10.148074547537247,53.4040230874257,0,2026-09-03 06:33:50
2024-01-09 07:29:00,CNC-02,M,296.4453447903361,310.7873173185142,1823.395979773586,39.30174431038196,85.16822916147328,2.4600092801035216,13.498486435534529,63.21384320406281,0,2026-09-03 06:33:50
2024-01-09 11:04:17,CNC-03,H,296.3312759801263,310.96472796074045,1320.8158895484212,55.550440432918904,169.1816171635592,2.3771973959142114,13.854271381387955,54.47689096262313,0,2026-09-03 06:33:50
2024-01-09 13:34:00,CNC-03,H,298.02784657558624,312.39176226197003,1406.8460354498136,49.608351340349344,136.39623679750014,2.3486350161517935,12.980394152754997,56.868178388397254,0,2026-09-03 06:33:50
2024-01-09 01:05:00,CNC-02,M,298.7054821936209,311.0427021209596,2677.2970629519514,16.838162746762027,97.35050317713848,3.240015261923681,8.433376775521635,55.11999609244214,0,2026-09-03 06:33:50
2024-01-09 16:43:00,CNC-03,H,299.52314413275553,313.5099815092696,1996.208480961162,33.60388004562978,160.37955057781988,2.844452224099178,12.656277007753715,52.5979998857225,0,2026-09-03 06:33:50
2024-01-09 22:00:00,CNC-01,L,300.6060832298931,10139.055673359097,2698.8369739248965,18.463609322314948,67.7659289402421,3.398196465815615,9.41393798181573,46.43420970014332,0,2026-09-03 06:33:50
2024-01-09 20:07:00,CNC-02,M,300.6099013441035,313.62623543394204,2376.2687213829217,24.160091519865635,21.330957282701192,2.8680638388392166,10.863713079712726,49.28813415117975,0,2026-09-03 06:33:50
2024-01-09 16:03:00,CNC-03,H,26.22191905373569,40.64446474466598,1559.2740058342813,48.368922395038744,102.92342580485871,,,,0,2026-09-03 06:33:50
2024-01-09 13:56:54,CNC-01,L,298.3685950841992,312.5884030427091,1569.3723699091431,46.16982718809955,68.9552091154617,2.239252294230937,13.529275140450126,53.06019158861586,0,2026-09-03 06:33:50
2024-01-09 03:48:00,CNC-03,H,297.46352605106307,310.13226142995774,2419.5506427444693,22.06304753748939,0.0,2.968204032925172,10.05299338643909,51.6643867935815,0,2026-09-03 06:33:50
2024-01-09 00:24:41,CNC-03,H,298.87440484839067,310.4031753205382,2681.500131804246,14.385557281952964,46.96874192251171,3.180434292687755,7.447738235541225,51.66617313385082,0,2026-09-03 06:33:50
2024-01-09 06:05:00,CNC-02,M,296.5367369279016,311.0316926317239,1853.5799620243451,36.82305237987657,197.97242760909916,3.0737363940969535,12.553989310207227,63.275570793474564,0,2026-09-03 06:33:50
2024-01-09 11:47:00,CNC-03,H,297.07380304862454,312.1552020321772,1407.756356912456,53.63946880835145,237.19421254497172,2.9495929810540917,14.007338256048067,59.71253918994747,0,2026-09-03 06:33:50
2024-01-09 19:42:00,CNC-01,L,300.4788918398796,314.45638969742106,2298.203559071072,28.784179153753584,126.63815720797368,3.05773816427712,12.58772066780709,53.008802259198255,0,2026-09-03 06:33:50
2024-01-09 21:02:00,CNC-02,M,300.46812244224793,314.1333484885349,2547.0578266101443,24.392963637848748,84.8810748523488,30.243803413867834,11.608030363922047,55.52985562106982,0,2026-09-03 06:33:50
2024-01-09 04:21:00,CNC-02,M,297.2007317192286,309.7368602227759,2490.175511725025,20.913996296401937,65.2801392803418,30.62210727021658,9.781614890112225,57.29493569855498,0,2026-09-03 06:33:50
2024-01-09 10:02:00,CNC-03,H,296.2448224796308,309.8928310029965,1315.5514100769208,48.938752390881,71.34628606463477,2.081029521631595,12.164216582948313,59.3302289822746,0,2026-09-03 06:33:50
2024-01-09 06:10:00,CNC-01,L,296.04792823939687,309.0440135893396,2061.5732990349393,30.298678748161695,29.12487814742833,26.465863459068938,11.749117058685641,59.39311614297979,0,2026-09-03 06:33:50
2024-01-09 11:13:00,CNC-02,M,301.99572968516276,311.05504215659295,1301.8749409796842,54.06459824357311,198.31752141920438,2.5128120967356358,13.281075613968968,51.97303774065869,0,2026-09-03 06:33:50
2024-01-09 15:59:00,CNC-02,M,26.190445643760313,40.90597065902051,1703.6703361220077,42.72397959847373,154.4891333638236,2.722368170212272,13.535006867782046,47.54560548272519,0,2026-09-03 06:33:50
2024-01-09 00:26:00,CNC-01,L,298.89457210185634,310.19668641144784,2653.708101257569,13.576350650194367,34.91851925750074,0.0,6.511282264074917,52.01301825009046,0,2026-09-03 06:33:50
2024-01-09 16:37:00,CNC-01,L,299.7296320476724,313.4646377716371,1722.8554916823275,38.250246829838126,82.6347526619892,2.39942208868646,12.384055726243325,49.249876731140574,0,2026-09-03 06:33:50
2024-01-09 08:05:00,CNC-03,H,296.105929991542,310.35082823080364,1766.173571469463,39.54225438588778,110.71149841005648,2.512759910476606,13.271510275259327,57.66200869492111,0,2026-09-03 06:33:50
2024-01-09 02:57:49,CNC-02,M,297.67063365709413,311.76863278586256,2529.6944600949905,24.460527043440514,222.7519641420511,3.961216999093303,11.427516860166529,56.36567138402238,0,2026-09-03 06:33:50
2024-01-09 20:59:00,CNC-01,L,300.8253719971475,313.36102379212895,2386.485349997052,21.85900867324153,0.0,2.908523931350652,9.73681462521815,51.35410853172541,0,2026-09-03 06:33:50
2024-01-09 08:33:55,CNC-01,L,295.91374090238696,310.52303288435786,1731.3071592787526,40.98797929384903,232.57911132653317,3.622346142534589,13.614735338634455,54.47011829914662,0,2026-09-03 06:33:50
2024-01-09 06:02:00,CNC-01,L,296.18844747309515,309.23676755733754,2110.582213074182,26.872232453787884,18.511913857646363,2.81705264919018,10.762537337285616,60.74076441326857,0,2026-09-03 06:33:50
2024-01-09 06:56:00,CNC-02,M,296.4230453414837,310.3506490725202,1759.9094373954242,37.58491904945376,38.69095645843008,2.385866875133581,12.540448861066654,58.86179348118604,0,2026-09-03 06:33:50
2024-01-09 12:43:00,CNC-02,M,297.58157340196846,312.06200272388804,1317.0065578115339,55.54027006501895,91.83983624258067,2.06519395012013,13.541521096302308,52.527908257563524,0,2026-09-03 06:33:50
2024-01-09 10:56:00,CNC-03,H,296.61399753878766,311.21664992597954,1381.5253497917813,54.664712636222475,156.5133158542097,2.2511206592348265,14.034708645227282,52.90851233992307,0,2026-09-03 06:33:50
2024-01-09 05:52:00,CNC-03,H,296.22810131500705,310.2576318853065,2037.7763965829697,32.609629137497215,155.13170209693803,2.854756249234991,12.518514120953006,62.62204848908925,0,2026-09-03 06:33:50
2024-01-09 14:34:00,CNC-03,H,298.7394344784102,314.2921602337544,1584.0314926257715,51.601853831668315,229.7756810262339,2.9520983949316726,15.369317388448218,57.749628175834644,0,2026-09-03 06:33:50
2024-01-09 10:12:00,CNC-02,M,302.1073180068692,311.0999314297749,1582.641612971342,49.094193127471854,101.99198082367474,2.259895917113777,14.49192724078697,46.45825245623222,0,2026-09-03 06:33:50
2024-01-09 14:57:00,CNC-03,H,298.68783027406056,312.64989484594184,1576.7530338195115,46.54945952501485,4.6039451442480495,2.2086277266610415,13.926798911369488,54.09521829423421,0,2026-09-03 06:33:50
2024-01-09 02:38:00,CNC-03,H,297.92912195314227,311.922363459261,2465.660988932757,25.81815902961829,189.99444517668906,3.4901808664150216,11.814652236879239,55.59901759734847,0,2026-09-03 06:33:50
2024-01-09 16:34:00,CNC-02,M,299.63685044227293,315.0838216204293,1934.5963286975275,40.77102108457574,205.2578793271144,3.2945219285190936,14.69904894017473,55.95512084236617,0,2026-09-03 06:33:50
2024-01-09 19:48:00,CNC-03,H,300.30131377671677,314.17324246044217,2356.031530808273,26.392555974689202,170.52172443663716,3.259367643900126,11.629371054248844,47.57818797755949,0,2026-09-03 06:33:50
2024-01-09 08:18:00,CNC-01,L,296.01809972724527,310.7163284285479,1756.3636696190713,41.33359028179046,210.11710153408856,3.1773592137946314,13.484644472218184,60.17464160784493,0,2026-09-03 06:33:50
2024-01-09 15:06:00,CNC-03,H,298.82019519453024,312.42279515781973,1662.5728841779014,39.49626825352711,18.209178173257634,2.3196740036038688,12.371133680251896,53.843246907756026,0,2026-09-03 06:33:50
2024-01-09 12:53:00,CNC-02,M,297.9829857272486,312.67322780315106,1400.4058375560717,51.62828889771916,107.68760237615066,2.156689695846686,13.715524563544111,52.26569091470447,0,2026-09-03 06:33:50
2024-01-09 02:44:34,CNC-02,M,297.9496437815001,312.4771492407621,2535.9249200156837,26.699946906766627,207.94987836144392,3.757411726299899,12.661454497545357,55.16517240214331,0,2026-09-03 06:33:50
2024-01-09 18:25:00,CNC-03,H,300.1039641244187,313.44756852029116,2239.5522187670454,26.36234114758395,66.27809085724519,2.8694943542711226,11.019108764292943,,0,2026-09-03 06:33:50
2024-01-09 04:17:00,CNC-01,L,296.36831498177503,309.74842390412726,2343.9394459831606,25.1442561975398,103.32860373012495,3.056502270027516,10.794023783455248,57.87643732077218,0,2026-09-03 06:33:50
2024-01-09 17:13:00,CNC-03,H,26.767827280029564,41.38060488156998,1947.721027277524,36.412688075024136,202.4143416003498,3.0520887858075834,13.140184140483612,53.967032496211075,0,2026-09-03 06:33:50
2024-01-09 00:28:00,CNC-02,M,298.8249522692988,309.9666546362653,2765.7238921705693,12.230596554217547,58.103802688983805,3.303096497128387,6.39104291550552,52.196138447169744,0,2026-09-03 06:33:50
2024-01-09 10:07:00,CNC-03,H,296.0236837000055,310.13378748116014,1402.1537317028794,48.08074052512583,79.1701836072284,2.0503651964986527,12.488353138139129,54.1387994258614,0,2026-09-03 06:33:50
2024-01-09 13:23:00,CNC-03,H,297.68586255753064,311.90866220368275,1416.7708311871538,51.38238800529559,118.90645733657752,2.1885682467309184,13.60926021774771,54.14796657610255,0,2026-09-03 06:33:50
2024-01-09 18:52:00,CNC-01,L,300.11497241469687,313.6741257498259,2166.7340860316212,29.455397312672048,64.5891464667102,2.7165879519531906,11.98413880936547,49.08799834061598,0,2026-09-03 06:33:50
2024-01-09 10:02:00,CNC-01,L,296.65338953442995,311.72287226972287,1685.1068811483656,47.46797144602047,133.55824135841746,2.5602763993551156,14.973078828566445,55.38709272682476,0,2026-09-03 06:33:50
2024-01-09 02:56:00,CNC-03,H,297.82066208419695,311.6037124716662,2577.466494844466,23.458848333996812,210.4169771876599,3.74969191819251,11.743818918928852,59.00734328045326,0,2026-09-03 06:33:50
2024-01-09 15:52:00,CNC-01,L,26.222334452890834,40.44306381635704,1781.014657524207,40.18162277972373,17.738708104211767,2.3256670189913162,13.528794683853022,58.25327092705187,0,2026-09-03 06:33:50
2024-01-09 19:07:00,CNC-02,M,300.7297183015419,315.90468821945666,2286.43303845736,32.90469298504043,202.04252298574366,3.4762680705592524,14.26563249771886,51.92447027962258,0,2026-09-03 06:33:50
2024-01-09 07:28:00,CNC-01,L,296.01516619688346,310.75974563494196,1726.496376098609,44.14030529130286,137.45523115141032,2.591976413959759,14.213896869098571,59.540659650908175,0,2026-09-03 06:33:50
2024-01-09 17:18:00,CNC-01,L,26.83637827654826,40.79922890288793,1791.4881300660268,36.97681927301962,140.3309536584403,2.655861108806528,12.510753154741172,54.20069636741039,0,2026-09-03 06:33:50
2024-01-09 10:31:00,CNC-02,M,302.39198994249557,310.7622460140492,1357.6246962984735,50.10329579188084,131.76263965071178,2.1609819193072686,12.5997668387056,41.94521089208892,1,2026-09-03 06:33:50
2024-01-09 18:47:00,CNC-02,M,300.5678801798265,314.7435563791749,2101.0169661744403,29.135765416406908,176.80287672602586,3.157106201594969,11.464388330307912,53.4237284878856,0,2026-09-03 06:33:50
2024-01-09 06:30:00,CNC-02,M,296.55786717201045,310.1432285883566,2007.9434458474273,33.14213175595004,2.7009541897878817,2.585603438893311,12.746532103882085,58.91631024559174,0,2026-09-03 06:33:50
2024-01-09 05:29:42,CNC-02,M,296.83401011719354,311.1829011575288,1999.1761105069893,34.850886302305874,151.687895265963,2.750051022089599,12.749731451386097,58.986120732479506,0,2026-09-03 06:33:50
2024-01-09 12:01:00,CNC-02,M,303.051248149115,311.06513271948705,1452.9446392307882,47.35796490991491,25.44887617537671,2.1653302071326825,12.691742871633135,46.62738758704906,0,2026-09-03 06:33:50
2024-01-09 20:25:00,CNC-02,M,300.5610340907018,,2377.7804039391563,25.122498571352768,42.607452228520756,3.0043653468944997,11.367233210863356,49.868474599579116,0,2026-09-03 06:33:50
2024-01-09 06:08:00,CNC-01,L,295.75321397863763,309.8754247409194,1979.3927626263298,37.531047031607976,26.458759228428534,2.6179311321272465,13.767280977415933,57.477564944281475,0,2026-09-03 06:33:50
2024-01-09 17:35:00,CNC-03,H,26.518824857157256,39.57305488444899,2056.7242290174254,29.86603234824262,0.0,25.84792467126813,11.658965539785315,50.88151989530771,0,2026-09-03 06:33:50
2024-01-09 09:17:00,CNC-03,H,296.0652484202746,309.3023338348374,1499.7346447853813,43.52006176676575,1.5260886773450393,21.255427882562365,12.367587061550815,58.121699365842716,0,2026-09-03 06:33:50
2024-01-09 03:35:00,CNC-03,H,297.41659175261157,311.58228000576725,2549.3244105132103,25.954690204717004,254.95444789055009,4.116638701908657,12.17753291741631,54.4318459037114,0,2026-09-03 06:33:50
2024-01-09 12:31:03,CNC-01,L,297.6825422843523,312.26637797210617,1442.7677000267395,50.36703551956413,160.0236455308114,2.475009753831247,13.367022491167013,52.73213513661708,0,2026-09-03 06:33:50
2024-01-09 13:30:00,CNC-02,M,298.1492281197358,313.40797801146465,1423.9993579053607,53.36162110415188,166.04097772934296,2.3915822193799174,14.086673194031784,51.116373217552834,0,2026-09-03 06:33:50
2024-01-09 02:44:00,CNC-03,H,297.9408891061958,311.45182161333395,2547.9310937210735,22.25002386626955,196.75796412346,3.5411052630952367,10.636469299313447,58.142792681907295,0,2026-09-03 06:33:50
2024-01-09 22:23:00,CNC-02,M,300.2810210985842,313.37274853656135,2733.453256428045,16.598236040336378,174.75008572095135,3.6923919927817845,8.565781573078775,51.63889436080254,0,2026-09-03 06:33:50
2024-01-09 09:15:00,CNC-02,M,296.36774288208727,,1557.888744079743,45.12446621491465,13.857984248121458,2.1277251798163284,13.283192553063715,59.61689529765069,0,2026-09-03 06:33:50
2024-01-09 16:22:00,CNC-01,L,299.7560476494179,313.53951917020214,1791.755786327352,37.380623517491635,61.29962909584224,2.4234091770947934,12.773935463708241,,0,2026-09-03 06:33:50
2024-01-09 02:15:00,CNC-03,H,298.3736088717771,311.6844016843432,2547.864286194816,21.185970824061783,164.34910343631944,3.470881954162733,10.056042957633837,57.55166975456323,0,2026-09-03 06:33:50
2024-01-09 22:15:34,CNC-02,M,300.0800964864533,312.74268294951656,2698.5351998579104,14.919816119213891,167.1733834675134,3.604749011535297,7.670840871327856,53.46766424652493,0,2026-09-03 06:33:50
2024-01-09 11:52:00,CNC-01,L,297.20427242298996,311.15472677883236,1296.7177535044445,52.29482147254947,99.79399694885016,1.9430658021859963,12.790828509918795,56.23744000228506,0,2026-09-03 06:33:50
2024-01-09 08:51:00,CNC-02,M,296.25037784051557,311.29421109187166,1615.8887355924996,47.23999748912244,206.35574995944475,3.064990752614566,14.26310974608401,58.992377667096086,0,2026-09-03 06:33:50
2024-01-09 16:35:00,CNC-02,M,299.84844747660975,315.3426718370338,1835.7744654836474,42.51262662793137,206.680242866693,3.072144781298998,14.732248503618061,52.94187503432586,0,2026-09-03 06:33:50
2024-01-09 11:44:00,CNC-02,M,302.77015858210785,312.03248465105827,1338.2089674226775,54.57763925181513,247.3356586850848,3.2604916997845987,13.65629270346421,45.31263688214029,1,2026-09-03 06:33:50
2024-01-09 00:22:00,CNC-03,H,299.0079704640768,310.4408356355093,2839.2678587426763,12.594747532745814,42.721356729962544,3.3396718064780866,6.758984916459809,49.970407049764624,0,2026-09-03 06:33:50
2024-01-09 10:38:00,CNC-03,H,296.548961967594,311.5195068209054,1502.5662320440833,52.00379952308971,128.0436994663753,2.3387581225306318,14.67347635403799,59.5253873402016,0,2026-09-03 06:33:50
2024-01-09 10:33:00,CNC-02,M,302.4690815052647,310.64714486993125,1492.7555361993036,45.39502515350577,134.88873359940348,2.320361045838429,12.588746405610163,51.19333442760797,0,2026-09-03 06:33:50
2024-01-09 06:01:00,CNC-03,H,296.50453322456815,310.8664387399229,1928.8216465706414,36.50075984727967,166.9132035480312,2.750900041541729,13.409710587972125,53.402606975610105,0,2026-09-03 06:33:50
2024-01-09 14:46:00,CNC-03,H,299.16468153385927,314.9126519470449,1618.3102936234566,51.268692857732894,248.1861156133894,3.3087730408243052,15.6652157494966,51.656770104794184,0,2026-09-03 06:33:50
2024-01-09 15:34:00,CNC-01,L,25.89977819013751,41.52808628481108,1648.2369352663495,50.4945895018521,217.31872948587392,3.313269504439326,15.579683276829932,56.98751563835501,0,2026-09-03 06:33:50
2024-01-09 14:07:00,CNC-01,L,298.45660363012314,312.7018535063913,1498.9997520947004,49.017055398128804,84.61289203339028,2.217929085860197,13.872121618309555,51.50309781641634,0,2026-09-03 06:33:50
2024-01-09 01:14:00,CNC-02,M,298.90093331759454,310.31473414697734,2786.7687409004448,12.736666585598368,107.05422471068036,3.392914708201942,6.609911656382245,52.89139881603163,0,2026-09-03 06:33:50
2024-01-09 13:14:00,CNC-02,M,297.9211422186004,312.4754281877996,1335.8936848675512,52.26271699846487,140.73647883210765,2.1553174538364375,13.014849049100775,50.423177451384554,0,2026-09-03 06:33:50
2024-01-09 15:33:00,CNC-01,L,25.684001224437964,40.48125246676403,1582.2308821809318,47.02025292870126,215.8093457053582,3.2127857441290524,13.801544148694134,53.83961599145404,0,2026-09-03 06:33:50
2024-01-09 07:47:00,CNC-01,L,295.7478811553632,310.43939813800887,1749.6668076591243,42.76034164056809,164.75550069534552,2.824966670618404,14.117345624356568,59.336555301750046,0,2026-09-03 06:33:50
2024-01-09 20:43:00,CNC-01,L,300.73899680562664,314.3679087139616,2562.329564930512,22.34373085383681,198.92860862006216,3.882264814123064,10.549060647898463,48.45180138955879,0,2026-09-03 06:33:50
2024-01-09 13:08:00,CNC-02,M,297.5858133018426,312.04024707500946,1366.6021092773096,51.81914087949147,131.32473795788002,2.2378936995113965,13.413113788631213,55.150939532075036,0,2026-09-03 06:33:50
2024-01-09 06:15:00,CNC-01,L,296.12743981759235,309.8781864784883,1955.581404769688,34.02407294627763,35.82913623371807,2.523030799365075,12.526820468212772,57.04774155295624,0,2026-09-03 06:33:50
2024-01-09 04:09:00,CNC-01,L,296.32030811314024,309.45652637725493,2565.649470857309,21.878211948913677,93.53298402523575,3.1195926417197306,10.588957037106608,61.50096652851857,0,2026-09-03 06:33:50
2024-01-09 21:03:00,CNC-03,H,299.97158169418225,312.09298018580506,2514.5757875200616,18.5917504403584,35.7917894986046,29.86139117650199,8.863740917097642,51.40358219196415,0,2026-09-03 06:33:50
2024-01-09 21:02:00,CNC-03,H,299.88717599279585,312.1217032892573,2459.534029254639,20.444490622547868,34.65457984267862,3.1625852291568575,9.443560218700718,51.68528479534266,0,2026-09-03 06:33:50
2024-01-09 09:25:00,CNC-03,H,296.41497548220957,310.36859231747,1528.9232521991935,43.674782453247,13.926483405681893,2.2414805906832873,12.491491986110995,53.5400384144999,0,2026-09-03 06:33:50
2024-01-09 06:11:00,CNC-01,L,295.701388896155,308.7218352567771,2041.9912827538328,29.274349461046494,30.44307002920074,2.7345144959374275,11.281133411910508,53.00366394277406,0,2026-09-03 06:33:50
2024-01-09 22:51:00,CNC-02,M,299.6973737938507,314.1492518985805,2671.3354290257907,24.55676340546865,204.86137321589294,38.07071859540179,12.307459858790489,52.390513158890606,0,2026-09-03 06:33:50
2024-01-09 10:19:00,CNC-02,M,301.9181989270548,310.8234269970062,1491.2612017202089,51.21062661582722,112.99892270819927,2.3633804755074284,14.154738818871781,49.94428292839599,0,2026-09-03 06:33:50
2024-01-09 21:12:00,CNC-03,H,300.2089868817776,312.63794485055706,2618.3795568563314,19.85457141179088,45.9812919354085,3.234365705579978,9.397904252251207,46.54519912074864,0,2026-09-03 06:33:50
2024-01-09 23:45:00,CNC-01,L,300.00578945176255,312.26715979215476,2683.986595059901,16.104406351510605,180.31137915819818,3.743427909735261,8.175538397657256,51.19535868654527,0,2026-09-03 06:33:50
2024-01-09 09:52:00,CNC-03,H,296.26591541596963,310.22815642118934,1484.3696233754079,48.330928582146534,55.65103389693572,2.0643418129051594,13.454800182406034,64.34265715929186,0,2026-09-03 06:33:50
2024-01-09 22:15:00,CNC-01,L,300.42383426717447,313.04667716395977,2627.956660052451,19.14921832334724,83.97995432551484,3.201019030952063,9.31262498267346,54.21632106663601,0,2026-09-03 06:33:50
2024-01-09 18:09:00,CNC-01,L,27.156640601124423,40.485290565868866,2086.3139644072394,29.888689763867042,9.190605032676448,2.7237696819740993,11.407797614721758,48.33304090860646,0,2026-09-03 06:33:50
2024-01-09 17:38:00,CNC-03,H,26.924405451828648,40.58736270906701,1955.0354939919027,34.48890113961286,4.068255272733084,2.571893252591165,12.721585027616747,48.47045041670026,0,2026-09-03 06:33:50
2024-01-09 23:54:00,CNC-03,H,299.83749125334543,313.3604760527252,2604.090694623856,22.130168033685397,222.31472650088338,3.841633120366185,10.829835808619453,51.61048482490373,0,2026-09-03 06:33:50
2024-01-09 11:54:12,CNC-01,L,297.41674951011566,311.60496478040415,1320.2260968620149,52.7735041611895,104.58090562874337,2.1588671140521627,13.08155534750349,55.542896915931166,0,2026-09-03 06:33:50
2024-01-09 00:19:00,CNC-01,L,299.06077061592686,311.0385800704623,2612.1563785736635,17.115853358081683,27.466627771640017,3.220936845035768,8.602620358834644,56.471120152999745,0,2026-09-03 06:33:50
2024-01-09 10:21:00,CNC-02,M,302.2071618822329,310.82633919074766,1547.008292303157,47.29588056867918,116.13608434167237,92.26335886983114,13.658636537314798,45.130158041203416,0,2026-09-03 06:33:50
2024-01-09 14:53:00,CNC-03,H,298.6276024982321,314.4138383275325,1621.9471702216708,49.89243309733998,258.9164608771773,3.494150698880888,15.212899830305876,56.67449365031498,0,2026-09-03 06:33:50
2024-01-09 08:50:00,CNC-02,M,296.3623470494193,311.98341746376457,1612.8906594992247,50.18304870730701,204.89321358520664,2.839619925792888,15.142831163331486,57.83767169690794,0,2026-09-03 06:33:50
2024-01-09 08:13:00,CNC-02,M,296.16022257776353,310.4692224264224,1714.857361101261,40.39759521261346,149.15686241429506,2.674511114449615,12.928557314647728,58.56368234226286,0,2026-09-03 06:33:50
2024-01-09 21:28:00,CNC-01,L,300.779318201135,312.87412744447863,2523.588921771718,18.416137789776858,32.353120523476335,3.0068632752918374,8.738281095214774,48.42724996306285,0,2026-09-03 06:33:50
2024-01-09 20:23:00,CNC-02,M,300.4161055660308,312.57054534897884,2574.6049204133,16.81721674292943,40.28012915046304,3.162081622525452,7.8583792765926646,46.964712048772014,0,2026-09-03 06:33:50
2024-01-09 14:26:00,CNC-01,L,298.60907012519226,312.7590703788845,1661.2089409378752,42.59642329571478,114.03670522117307,2.5256405737693424,13.447275375602075,53.49199577258507,0,2026-09-03 06:33:50
2024-01-09 12:16:00,CNC-01,L,297.6650697036457,311.9447946866808,1423.6293792038718,49.549920257844384,137.81793530528606,2.412029127978929,13.235761512551182,56.632534174554685,0,2026-09-03 06:33:50
2024-01-09 13:27:00,CNC-02,M,298.00604989953933,312.65632446679456,1283.242754434923,55.036665451012425,161.31231315428082,2.305676695971781,13.174894317168475,53.072289883526096,0,2026-09-03 06:33:50
2024-01-09 17:56:00,CNC-02,M,27.35689343583948,42.08396543657767,2017.053448149905,35.77109136622293,110.2879568192931,2.758222582076522,13.419326886057641,50.770797982394356,0,2026-09-03 06:33:50
2024-01-09 23:25:00,CNC-03,H,299.69501096360415,312.14496352032666,2662.7323616410486,16.009061388276148,191.34703099923152,3.7521482611121613,8.057578336456663,54.630088696777825,0,2026-09-03 06:33:50
2024-01-09 17:56:00,CNC-01,L,27.042571173547003,41.503680249810316,2045.4439006320733,34.04341531946714,191.9365931304605,3.405418073596271,13.226531598434645,50.00280532736877,0,2026-09-03 06:33:50
2024-01-09 12:31:00,CNC-02,M,297.521488465302,311.6441353864563,1408.5806304469438,47.65551732618824,72.88629328787104,21.462504183941068,12.497830904267694,56.29793157453403,0,2026-09-03 06:33:50
2024-01-09 12:00:00,CNC-02,M,302.6219451836603,310.41043835263775,1361.410896535956,49.94051843050591,23.89040632952101,1.9641146986068956,12.592708236141664,50.593626884869366,1,2026-09-03 06:33:50
2024-01-09 16:55:00,CNC-01,L,299.7973130817658,314.2173355530451,1869.8512377892996,39.338008112655366,108.26358065334325,2.6238019567902224,13.692979535079742,51.88527473730785,0,2026-09-03 06:33:50
2024-01-09 23:26:00,CNC-03,H,299.82045239233565,312.39704493203897,,16.251477583994347,192.39245990812464,3.738610442671895,8.084628959599865,47.98616301159768,0,2026-09-03 06:33:50
2024-01-09 09:04:00,CNC-03,H,296.1200136771548,310.5720985525468,1503.6072594901343,46.3926425226652,199.17938706857203,2.7535595206016654,13.117648332623522,56.97950926866581,0,2026-09-03 06:33:50
2024-01-09 17:09:00,CNC-01,L,26.542420439518878,40.91625492905945,1995.5417604901784,36.255150266157415,127.87980901690884,27.829954615204475,13.461890749179414,48.27605572363799,0,2026-09-03 06:33:50
2024-01-09 12:04:00,CNC-01,L,297.2803780540889,311.7602046139909,1367.1169222495464,53.16794044835643,118.8696767611581,2.2354113555483948,13.61545753954627,59.96659191453159,0,2026-09-03 06:33:50
2024-01-09 05:19:00,CNC-02,M,296.673458576976,310.4133143297933,2284.5556265235246,26.60208428807154,137.46577953962816,3.143517714198536,11.314182272232784,56.46288323063377,0,2026-09-03 06:33:50
2024-01-09 15:54:00,CNC-03,H,25.86904426028883,40.46095380658102,1698.222623284254,44.712563760136995,89.73821882700241,2.3217039735706213,14.072559702987721,53.56249651605035,0,2026-09-03 06:33:50
2024-01-09 00:36:00,CNC-03,H,298.9923400758646,311.1066013328123,2505.3275215465533,17.573763500365693,57.573539974588634,3.0853543417927956,8.287224466640465,56.362332238055586,0,2026-09-03 06:33:50
2024-01-09 14:21:00,CNC-01,L,298.324006511493,312.2034709475882,1388.7242660178222,48.75028614157761,106.39671034242102,2.148762575315281,12.784365193052174,55.42089342950855,0,2026-09-03 06:33:50
2024-01-09 08:07:00,CNC-03,H,296.16640511125206,310.26542294480686,1598.7290448435542,42.967567743862325,113.68296717419615,2.3303214737168503,12.872883538848239,56.65929863458189,0,2026-09-03 06:33:50
2024-01-09 07:50:00,CNC-02,M,296.22453233621434,311.190987782641,1654.8686431449123,45.720654244642375,115.29006531255581,2.4859148070019974,14.329088734023072,58.778395162539454,0,2026-09-03 06:33:50
2024-01-09 02:35:00,CNC-01,L,297.3864153341665,310.8682705168532,2357.4231932896723,24.819365762529184,175.18634819641227,3.4935951302984134,10.746864010611871,57.886979397457054,0,2026-09-03 06:33:50
2024-01-09 00:18:00,CNC-03,H,298.90925391498274,311.0127437516871,2711.8400475797007,16.670313409377314,38.48418806972747,3.1286668922503287,8.627764927379994,57.6167411076531,0,2026-09-03 06:33:50
2024-01-09 22:39:00,CNC-03,H,305.43497691711485,310.81855814835654,2724.0874638578725,12.061686776617485,142.22861886916414,3.397016522814902,6.222184304250074,39.5696573481472,1,2026-09-03 06:33:50
2024-01-09 15:07:00,CNC-03,H,298.9876482596343,312.5623718711428,1476.4313432988856,44.46022321437925,19.72775594748821,2.130067106899011,12.246419832643086,52.98308660803215,0,2026-09-03 06:33:50
2024-01-09 18:38:00,CNC-01,L,300.7855303293394,314.76169829535837,2293.9199147104896,29.407125255323834,46.8896506098419,2.8942510974268534,12.97137893591389,49.18264884170411,0,2026-09-03 06:33:50
2024-01-09 08:57:00,CNC-01,L,296.065209227365,310.1027839537335,1507.0477073376019,47.76267058534263,33.400863115695124,2.1436973281149734,13.63598326051419,58.59134105287998,0,2026-09-03 06:33:50
2024-01-09 12:52:00,CNC-02,M,297.67594708400367,312.54604983621283,1494.4186413259374,51.17329140458932,106.10661909089899,2.3068402623437705,14.09365789982593,55.468779394507344,0,2026-09-03 06:33:50
2024-01-09 09:31:00,CNC-02,M,296.4283578147454,310.1328106248901,1378.5334857709354,48.47953654102244,38.412544700277365,2.118736354173883,12.610134259450017,59.53050964879525,0,2026-09-03 06:33:50
2024-01-09 05:08:00,CNC-02,M,296.76671025692957,311.24203169716134,2114.272544732847,33.641546428851335,123.39435780257024,2.8873100502450404,13.280941113007211,59.485591242539655,0,2026-09-03 06:33:50
2024-01-09 08:33:00,CNC-02,M,296.24233907472814,311.0605865389299,1533.6762116070634,47.760170076341296,179.0429862695383,2.7389645142501617,,54.07681877985377,0,2026-09-03 06:33:50
2024-01-09 19:31:00,CNC-02,M,300.69880245121107,315.1752611435606,2204.1105941880487,29.18800224000984,231.64217298044954,3.7049704522175966,12.15594177156251,52.32490245701816,0,2026-09-03 06:33:50
2024-01-09 07:32:00,CNC-01,L,296.00631857228166,310.5447337637551,1806.6186806878745,41.89358032864273,143.13498018612884,2.713068998977108,14.128450744176776,62.050956820708855,0,2026-09-03 06:33:50
2024-01-09 08:36:00,CNC-03,H,296.1458624126125,310.9736740145089,1528.4680646138715,48.52258391859329,156.77380041008408,2.445955290547011,13.750030376350026,56.16702948654311,0,2026-09-03 06:33:50
2024-01-09 18:46:00,CNC-01,L,300.25019141199584,313.5923346982305,2280.7713543486693,27.826574788184313,57.017266648603254,28.463734595185105,11.963087225998986,49.67838010555615,0,2026-09-03 06:33:50
2024-01-09 16:59:00,CNC-02,M,299.9790951791425,314.1591618100752,1914.0085092155628,37.132841844517145,32.46178477531909,2.5371178192895933,13.469696514930558,51.71688842818321,0,2026-09-03 06:33:50
2024-01-09 20:16:00,CNC-03,H,300.3036360170285,314.0038294448103,2548.262345540764,22.485714372992263,203.83029746088275,,10.611978619080611,47.258559836614495,0,2026-09-03 06:33:50
2024-01-09 16:52:00,CNC-03,H,299.6665818232911,314.1696446289562,1690.940271261259,41.31278056736928,173.2138838562145,2.541628858339783,13.106139109854,,0,2026-09-03 06:33:50
2024-01-09 06:15:00,CNC-02,M,296.5326493438089,311.50043042757295,1967.1608745602837,38.47690460177817,211.37812582566522,3.3279170404316076,14.21429998809098,56.38891276489491,0,2026-09-03 06:33:50
2024-01-09 01:19:00,CNC-01,L,298.3199275677926,310.6231002466639,2646.067216739231,17.93229682213051,91.84413531798273,3.2451239625018617,,56.43017070084731,0,2026-09-03 06:33:50
2024-01-09 12:15:00,CNC-03,H,297.2106914940862,310.7583632434763,1307.8959890290134,50.36064283184881,11.164312943623798,2.018675428878418,12.187139388537785,54.31068247400551,0,2026-09-03 06:33:50
2024-01-09 14:31:00,CNC-03,H,298.63224391996,313.6043550768741,1528.1606545031648,50.05577460761658,225.17902096636914,28.41649557545493,14.277157160781291,57.06718420936664,0,2026-09-03 06:33:50
2024-01-09 02:55:00,CNC-03,H,297.84506135012447,311.11602149408816,2552.7582519111843,20.62789245249864,209.26726185567804,3.6246260026300128,9.850508370899089,58.910548479241626,0,2026-09-03 06:33:50
2024-01-09 01:16:00,CNC-01,L,298.2533688716002,311.21019162192647,2663.7460375762103,,88.57902752664526,3.1813154006326356,9.913680797362968,54.82569512180398,0,2026-09-03 06:33:50
2024-01-09 10:22:00,CNC-03,H,296.3073727746626,310.57351782470386,1378.515662590411,50.435065987241366,102.85773904543267,2.182055284238184,0.0,53.70614561678054,0,2026-09-03 06:33:50
2024-01-09 09:58:00,CNC-02,M,296.65153109780937,311.2236504572763,1478.0164447020165,50.632400526148544,80.30025573498334,2.1097705484074796,14.077326188941722,57.22626718999267,0,2026-09-03 06:33:50
2024-01-09 07:32:00,CNC-03,H,295.97542735351976,310.4694725712601,1803.837685777584,42.34994584478702,62.89986655589969,2.376475554807758,14.303625643587575,57.980822731565226,0,2026-09-03 06:33:50
2024-01-09 18:46:00,CNC-03,H,300.008959929432,312.72130583937064,2294.8743707956432,23.160233581269065,93.41433497171856,2.996480098824511,9.87332641863013,50.39797589685119,0,2026-09-03 06:33:50
2024-01-09 14:13:00,CNC-03,H,298.4644486071986,312.9741166374278,1345.891014916054,52.77228711276765,197.3145542627484,2.5194910681136107,13.225594101481532,52.019638341574165,0,2026-09-03 06:33:50
2024-01-09 11:59:00,CNC-02,M,302.65636967507237,310.58760241347085,1370.923091736388,53.53081996136022,22.29263627714796,2.051237324291701,13.733894720316457,43.8001591539011,1,2026-09-03 06:33:50
2024-01-09 21:33:00,CNC-03,H,305.54493870252963,311.97379143779983,2577.3494128954253,18.800104445143866,69.67331864032383,3.1609654601269757,8.890649139449081,43.00566170045796,0,2026-09-03 06:33:50
2024-01-09 04:56:00,CNC-02,M,297.178379676314,309.8466948301074,2289.386485895963,22.008882847953096,108.2113586179073,2.8704928588306737,9.362894849802975,58.01920948215217,0,2026-09-03 06:33:50
2024-01-09 19:11:00,CNC-01,L,300.4502564524837,313.64835572739736,2218.9831427517092,25.791881110329392,88.65699931737879,2.767260973996393,10.709498953898109,45.420555183652986,0,2026-09-03 06:33:50
2024-01-09 13:43:00,CNC-01,L,298.32110863037946,312.06309246122134,1382.0102710782123,47.40637730151,47.186813281100044,2.0894153970538216,12.311225500780896,57.52061930081615,0,2026-09-03 06:33:50
2024-01-09 13:43:00,CNC-03,H,298.3987063424956,312.92140104929325,1371.1391659330827,52.661163288071414,150.52707605428762,2.258704451127082,13.408539603576362,55.14919054267601,0,2026-09-03 06:33:50
2024-01-09 15:41:00,CNC-03,H,25.912013184394766,40.29328590930771,1772.0161072146573,42.80051311505635,70.56528395828711,2.437076711993221,14.230205568476403,49.79212997039287,0,2026-09-03 06:33:50
2024-01-09 20:38:00,CNC-01,L,300.37096773494403,315.12306746451696,2356.1185564789494,30.752092825971424,193.17408888061885,3.685644764844178,13.574805695198203,52.68824624560368,0,2026-09-03 06:33:50
2024-01-09 22:40:00,CNC-02,M,299.88535379979595,313.03764261226655,2730.1606616882777,17.55284683920529,193.09132207409,3.9501557683461943,9.066638682138743,50.32536019000519,0,2026-09-03 06:33:50
2024-01-09 02:35:00,CNC-02,M,298.0769121671113,311.5202330993808,2522.3584024813213,21.6511997335106,195.41550869893823,3.635188795865469,10.248422220256892,62.996636922821715,0,2026-09-03 06:33:50
2024-01-09 05:20:00,CNC-02,M,296.46452356407434,310.8879971943005,2156.7294826487296,33.03111421853811,138.7369940938825,2.9806303817264976,13.378066249750805,57.47347633925848,0,2026-09-03 06:33:50
2024-01-09 01:37:00,CNC-02,M,298.8081968894866,311.5324873509223,2575.6006364673617,19.247991020418397,131.88047062169633,3.2257207164658186,9.51707338291648,50.66874414624951,0,2026-09-03 06:33:50
2024-01-09 18:52:00,CNC-03,H,300.46024310963867,314.21834415476314,2116.848693755961,30.575365518900046,101.08372677802403,2.7872433086249417,11.915694548895424,48.996248130130866,0,2026-09-03 06:33:50
2024-01-09 15:47:00,CNC-03,H,25.94235285297077,40.89660897257818,,47.1754530224667,79.51480549477678,2.3390270117537764,15.115471360638539,52.50191596270896,0,2026-09-03 06:33:50
2024-01-09 15:48:00,CNC-01,L,26.154367020575478,40.02228833569745,1680.2864291384112,41.03897254753436,11.851354109996699,2.356875148024457,12.973900183212347,53.874925459683325,0,2026-09-03 06:33:50
2024-01-09 21:11:00,CNC-01,L,300.9532476348687,312.8985453112377,2555.208528551614,17.481403840708545,13.503580561453672,31.129408402198674,8.181081951249023,51.405081957286825,0,2026-09-03 06:33:50
2024-01-09 08:27:00,CNC-02,M,296.3736017463982,311.3572692055488,1647.7818375605298,47.17166764917416,169.97155966236426,2.631601833817767,14.609844877472923,61.67525499686107,0,2026-09-03 06:33:50
2024-01-09 10:49:00,CNC-01,L,296.9505235344536,310.957938940395,1487.5453212470318,49.85753710017127,0.0,2.053988863754859,13.71056326565079,59.1079898244873,0,2026-09-03 06:33:50
2024-01-09 20:04:00,CNC-03,H,300.4810893208185,313.942355247774,2335.2824309740868,23.303837078040093,189.83633611676575,3.498869939609325,10.235274805398745,47.80255684020584,0,2026-09-03 06:33:50
2024-01-09 16:51:00,CNC-03,H,299.4692448612622,313.89476875381104,1820.5164003354316,38.45880107412357,171.77012888858678,2.64229728520556,13.120800533912508,52.014814735773776,0,2026-09-03 06:33:50
2024-01-09 20:27:00,CNC-02,M,300.360742261894,313.70553270485846,2448.895389533243,24.374404007406998,44.914437089766174,3.048237986060295,11.209062549534114,46.56869187747746,0,2026-09-03 06:33:50
2024-01-09 21:33:00,CNC-02,M,300.4908995812411,314.2069923312303,2484.6572776622374,24.62496352379042,119.91667548559901,3.200845948087189,11.616571858880922,51.109009405820174,0,2026-09-03 06:33:50
2024-01-09 05:02:00,CNC-03,H,296.44993901299506,310.2851354560416,2185.006855442724,30.045271144511254,90.67139006603533,2.7922777912819403,12.10669716913205,58.411094078891324,0,2026-09-03 06:33:50
2024-01-09 02:56:00,CNC-01,L,297.4171917242297,309.5430848380307,2597.061969924328,19.579879609890703,7.897362638232429,3.138381310678451,9.606974450654915,54.94844759824094,0,2026-09-03 06:33:50
2024-01-09 03:06:00,CNC-01,L,297.2116580681187,309.1218207322846,2462.8824523469157,17.612164660008922,19.27462212527406,2.950873559383909,8.27525083248618,57.22206151033649,0,2026-09-03 06:33:50
2024-01-09 21:28:00,CNC-03,H,305.59359261927057,312.64665625927574,2529.9964787420763,22.093629087546653,64.03802893023249,3.0231402061967767,10.199588907710009,43.48380862962393,0,2026-09-03 06:33:50
2024-01-09 11:16:00,CNC-03,H,296.75690290758376,312.2588327673123,1478.9603127488288,55.0518646041067,188.15773878173962,2.623200390170468,15.448074079444323,55.02437744602567,0,2026-09-03 06:33:50
2024-01-09 11:57:00,CNC-02,M,302.8298047463358,310.9121116234698,1456.3479057181316,49.791628300902424,19.092636277147957,2.128260225682745,13.365476474514738,42.993360465874446,0,2026-09-03 06:33:50
2024-01-09 18:49:07,CNC-01,L,300.42190810245194,313.59377972421834,2289.033870138953,27.340381461754205,62.05121287694645,2.897868001626231,11.601353400345934,52.170739598124314,0,2026-09-03 06:33:50
2024-01-09 19:39:00,CNC-01,L,300.43427317474686,313.8532338586182,2422.4323987317107,24.16655348401203,122.96331783822018,3.1367060626199574,10.84547493581189,50.39131955381436,0,2026-09-03 06:33:50
2024-01-09 20:21:00,CNC-01,L,300.4638181595867,313.92376555657387,2352.0078679404487,24.31581579787744,173.21546861858778,3.4081193373674004,10.64147226152304,48.075150308015225,0,2026-09-03 06:33:50
2024-01-09 15:51:00,CNC-02,M,,41.398800068029175,1687.735906283941,47.39606890168665,142.8343948330232,2.588628085167916,14.837625671240005,54.81208606193682,0,2026-09-03 06:33:50
2024-01-09 20:53:00,CNC-03,H,299.9589496815924,312.39828521144244,2622.224560296134,19.079986002589358,24.238650156639096,3.1690990129983683,9.338540008427126,49.83048884027333,0,2026-09-03 06:33:50
2024-01-09 16:53:00,CNC-03,H,299.77796405236745,314.64578401206285,1999.264536698424,37.41644066261183,174.56341423744865,2.920681269238702,13.898173686342664,49.436677317100354,0,2026-09-03 06:33:50
2024-01-09 19:25:00,CNC-02,M,300.39166216499166,314.7198237085002,2381.5745049948564,25.93508938879127,224.2120858897527,3.7320224655744614,11.591878712945336,49.82271506096312,0,2026-09-03 06:33:50
2024-01-09 09:01:00,CNC-01,L,296.0115325155358,310.14521502325215,1540.6808958946192,45.887092886215385,39.50731775982053,2.1937191708120056,13.169722937220289,62.18279883386146,0,2026-09-03 06:33:50
2024-01-09 21:58:00,CNC-02,M,300.14509840035436,313.3277612557602,2598.7368824383384,18.208760761782894,147.65848395034024,3.4510012056003134,8.873943752644202,48.957870308001176,0,2026-09-03 06:33:50
2024-01-09 23:23:00,CNC-01,L,300.09146505861,311.5945170333391,2780.300488792324,12.199350714339975,157.12234189705063,3.6736176835877115,6.232472698707333,50.915119671418594,0,2026-09-03 06:33:50
2024-01-09 10:27:00,CNC-01,L,296.69594402594157,311.2700697712298,1369.143661870522,52.28408927396437,172.7432329285147,2.4287603489165646,13.466419824234253,54.428825228981175,0,2026-09-03 06:33:50
2024-01-09 15:50:00,CNC-03,H,26.138718297751325,40.23335910192691,1831.1377907113194,38.19157390124769,83.91378569182905,2.572240204225456,13.213136333367247,50.32452461114161,0,2026-09-03 06:33:50
2024-01-09 22:50:00,CNC-02,M,299.74188533774065,313.20637562694117,2652.6845489045713,19.905258537181474,203.78470159954205,3.7580907795968024,9.653004077861494,51.388491142839904,0,2026-09-03 06:33:50
2024-01-09 20:19:00,CNC-02,M,300.44167753973477,313.21643912289574,2472.0431278130945,20.89254720791872,35.47668127442036,3.009550882954982,9.827630920389993,50.64785021300923,0,2026-09-03 06:33:50
2024-01-09 02:41:00,CNC-03,H,298.1206695507645,312.03469340079147,2585.255328851229,24.783520595844415,193.33404802176688,3.713433334675685,11.990323898089507,49.84626444614034,0,2026-09-03 06:33:50
2024-01-09 23:37:08,CNC-02,M,6816.389648641611,313.4172134030493,2794.9299433355986,17.5071617656906,253.12135190652847,4.571158236356571,9.198294729464031,50.1099368780288,0,2026-09-03 06:33:50
2024-01-09 09:54:00,CNC-02,M,296.6415555141008,311.198422676503,1428.0634026513487,51.142660413671976,74.08770498461837,2.1452170240629855,13.501840040489155,59.108349375902925,0,2026-09-03 06:33:50
2024-01-09 10:05:00,CNC-03,H,296.0146166139022,310.4683293902842,1512.6372670372841,48.74955698362829,76.04899497890698,2.239030293538978,13.71203781592255,57.639705744723805,0,2026-09-03 06:33:50
2024-01-09 15:17:00,CNC-01,L,25.560865662583126,40.94270383590299,1700.0478343387877,48.22276837874621,191.8635878378151,3.1601360852799116,15.267922306523477,50.451861028823004,0,2026-09-03 06:33:50
2024-01-09 02:25:00,CNC-03,H,298.11704266626015,311.78113857562505,2467.61988978784,23.35147915386493,175.47187225259452,3.269737185668163,10.748452104531545,55.479673311819084,0,2026-09-03 06:33:50
2024-01-09 09:08:00,CNC-02,M,296.2163466375679,309.97860314231275,1396.9243504492808,48.40729135952762,3.125412658162258,2.1053564664551714,12.618359003191385,55.87051070807038,0,2026-09-03 06:33:50
2024-01-09 05:13:35,CNC-02,M,296.45183782279634,310.5812996524605,2266.0432918755173,30.090097693029783,131.08478047437404,3.0163411551786408,12.960408369455052,56.57617643379902,0,2026-09-03 06:33:50
2024-01-09 14:08:00,CNC-02,M,298.29549017403326,313.5971069931997,1518.588631389251,49.18294807654409,225.68531885067605,3.1030639052436206,14.02621971715122,54.164745204373375,0,2026-09-03 06:33:50
2024-01-09 03:06:00,CNC-03,H,297.53896965483193,310.6815321156096,2582.347137877159,19.38303305678829,221.86847909609443,3.7453244741412415,9.530567187594837,56.69245748258146,0,2026-09-03 06:33:50
2024-01-09 03:50:00,CNC-01,L,296.71689734795217,310.3200395089404,2354.2749604244914,26.689740280397963,70.71812364925202,2.9547974658356115,11.61504809977422,51.34281177771104,0,2026-09-03 06:33:50
2024-01-09 11:30:00,CNC-03,H,297.1246081489623,311.53542556689825,1368.4900714563885,50.455154739632874,210.3996958646154,2.5982658230785614,,55.959429271997735,0,2026-09-03 06:33:50
2024-01-09 10:38:00,CNC-02,M,302.35656261257054,310.75767113425565,1394.217420080935,49.81512926723064,142.8405497434201,89.73319632001842,13.115571891597703,52.251286640502016,0,2026-09-03 06:33:50
2024-01-09 01:22:00,CNC-03,H,298.6314665771238,310.70298928160753,2703.481323875068,14.910600621836302,106.54965159045331,3.3023116973660875,7.436126405504248,55.719664545435535,0,2026-09-03 06:33:50
2024-01-09 09:08:00,CNC-01,L,295.9020720503266,310.4230823526861,1599.905808208264,48.887841378194906,50.284758205135496,2.292435112032763,14.64925522797448,57.254260763115965,0,2026-09-03 06:33:50
2024-01-09 02:53:32,CNC-01,L,297.32849607574656,309.1977639501199,2487.7874469122976,19.193456753400692,4.553444533140407,2.99750533153622,9.16675914233156,59.901838394771175,0,2026-09-03 06:33:50
2024-01-09 02:40:00,CNC-03,H,297.78414892325594,311.6796904454257,2486.501329975635,24.901832621222013,192.23245488753085,3.3931812072114584,11.59100704674023,56.348613362146125,0,2026-09-03 06:33:50
2024-01-09 08:53:00,CNC-01,L,296.0248569369437,310.3782584045596,1494.1045203387068,49.770517530435534,27.346209389618217,2.109448296826764,13.782894692035066,57.815943262647004,0,2026-09-03 06:33:50
2024-01-09 03:22:00,CNC-02,M,297.5925628792378,311.53617813225543,2481.1079079052834,24.293424949132483,249.314728131274,4.325589161156242,11.536358139343493,52.71344177504867,0,2026-09-03 06:33:50
2024-01-09 18:31:00,CNC-01,L,300.6945821109667,,2040.6858247786413,31.152820118144685,37.758315938365364,2.632516017008867,11.909184956017713,50.31675732339232,0,2026-09-03 06:33:50
2024-01-09 15:09:00,CNC-01,L,298.75902504823256,314.03377673121014,1665.2606700085914,47.75159295942784,179.62790484948977,2.935094473845496,14.950417728533132,50.18917373616158,0,2026-09-03 06:33:50
2024-01-09 00:54:00,CNC-02,M,298.8872819849012,310.59103379599844,2668.9545087483816,14.47605791611564,85.45812849686783,3.2417156196938666,7.475052945535732,61.6162580389613,0,2026-09-03 06:33:50
2024-01-09 12:41:00,CNC-03,H,297.5018246297187,311.5583282614376,1483.5445887572234,47.525026799405616,52.443175275435266,2.13888378890621,13.202943569678666,59.99206384784424,0,2026-09-03 06:33:50
2024-01-09 08:56:00,CNC-02,M,296.1949774980551,311.4634979879211,1456.4978503176153,51.53404655101655,213.99714643729772,2.923211053931613,14.113170624086576,56.64941674134112,1,2026-09-03 06:33:50
2024-01-09 11:25:00,CNC-03,H,296.93853344286305,311.56934449910557,1372.4136651602612,52.95997712890888,202.44255972819744,2.5826938383568865,13.641505827737411,53.557978656196276,0,2026-09-03 06:33:50
2024-01-09 15:08:00,CNC-02,M,298.7440299260177,313.21372692259325,1583.7871205244414,46.33086775474827,78.68353763926602,2.2340594564124134,13.872901112294896,52.2738029267003,0,2026-09-03 06:33:50
2024-01-09 08:29:00,CNC-03,H,295.9281877495657,310.49029087109125,1646.206322549648,45.07047750823159,146.3307054191987,2.56460312682887,13.80888966017301,57.12217311199448,0,2026-09-03 06:33:50
2024-01-09 06:16:00,CNC-02,M,296.5064191920615,311.47495815004095,2061.7010718630563,35.01453192811511,212.7001295349449,3.3523290207291354,13.753684355185726,56.03094649931573,0,2026-09-03 06:33:50
2024-01-09 02:00:00,CNC-01,L,297.87190150893986,309.8053429024553,2689.019061198272,14.854968683260164,136.53766696671175,3.4368023379519443,7.453821662224518,52.023068748730616,0,2026-09-03 06:33:50
2024-01-09 16:01:00,CNC-02,M,26.380528056219077,41.678524234699694,1613.9849373854956,,157.47162941559534,2.4933045309824435,14.201088398639055,53.29271583724251,0,2026-09-03 06:33:50
2024-01-09 12:28:00,CNC-02,M,297.5398715543785,311.89241581462863,1373.5213969555098,52.05497615501814,68.18164133740262,2.082497116096596,13.353971507833318,55.396392561044415,0,2026-09-03 06:33:50
2024-01-09 08:19:00,CNC-01,L,295.8686123671302,310.6976896142799,,51.797766787371515,211.69827071925394,2.987128889718917,13.715411086041618,59.057794575855,0,2026-09-03 06:33:50
2024-01-09 02:21:00,CNC-03,H,298.11826770331055,311.31332709389324,2728.2785916151556,20.43533730833765,170.96440669975541,3.658593703709763,10.50006658975481,56.31070193938942,0,2026-09-03 06:33:50
2024-01-09 07:45:00,CNC-03,H,296.20706848378865,310.4820689733029,1695.5672762258,44.34507309761312,81.57640180063561,2.3150365223850726,14.18431039901681,62.103513369497804,0,2026-09-03 06:33:50
2024-01-09 00:39:00,CNC-02,M,299.03395971195437,310.5880604129547,2715.562376915839,13.556988684208784,69.73538276291443,3.219572236802099,6.924414591924347,52.391689368316825,0,2026-09-03 06:33:50
2024-01-09 06:36:00,CNC-02,M,296.78554434141006,310.0841130266356,2089.244208458454,29.679559038002683,10.874854155799705,25.082390972981937,11.284715651638985,54.665171386547186,0,2026-09-03 06:33:50
2024-01-09 01:04:00,CNC-02,M,298.6297596696499,311.3293998330888,2761.7747851100066,18.630349058231335,96.249340836047,3.4190640141725246,9.836863357697545,48.65502595271926,0,2026-09-03 06:33:50
2024-01-09 17:57:00,CNC-03,H,26.862135456019814,40.90885632683552,1924.6585177188222,36.98511439106281,29.592992125991476,2.6764361023144447,13.268320989188341,53.00978690004444,0,2026-09-03 06:33:50
2024-01-09 12:29:00,CNC-03,H,297.44050010782115,311.5684839749399,1625.5722106467056,45.24362194466333,33.319015244885044,2.254673321061789,13.819086883546179,58.43716070098131,0,2026-09-03 06:33:50
2024-01-09 20:11:00,CNC-03,H,300.5231647924584,314.1857061349287,2255.501063180536,26.24665805793483,198.0112888526711,3.409238765159801,10.85551145924496,54.52904955272004,0,2026-09-03 06:33:50
2024-01-09 15:07:00,CNC-01,L,298.90602379691165,314.01899038166323,1517.1691896601208,1453.3439367740693,176.6710267692619,2.7158869373088605,14.750192816779066,53.86743257699837,0,2026-09-03 06:33:50
2024-01-09 05:19:00,CNC-01,L,301.4861056995452,310.1165211141295,1927.5933258081907,37.381044093709754,180.1651120524143,3.115734178313759,13.638674234226787,47.907612602642644,0,2026-09-03 06:33:50
2024-01-09 06:32:00,CNC-03,H,295.832368250248,310.96632487227856,2044.8448732423976,36.98007900292791,209.04190800459622,3.166718358853709,14.416187700767017,63.592301319201944,0,2026-09-03 06:33:50
2024-01-09 12:42:00,CNC-01,L,297.7521030268918,312.36020905507723,1408.0423257916336,53.59566844923377,179.06007018030311,2.6357360939111416,14.271250326440793,56.67443435900955,0,2026-09-03 06:33:50
2024-01-09 10:54:00,CNC-01,L,296.75955492885635,310.4058413399854,1314.2883474986409,49.765226340001384,7.918573290292952,2.0031128497942907,12.464228463959515,54.495263688117454,0,2026-09-03 06:33:50
2024-01-09 16:00:00,CNC-02,M,26.344741184135955,41.67545215516623,1760.1601677301408,45.01834136662354,155.97086114181545,2.661180521687111,14.822224532972553,54.31813023841387,0,2026-09-03 06:33:50
2024-01-09 13:22:00,CNC-03,H,298.0132101994823,312.46266604275814,1400.7964269050087,51.52354773697777,117.30645733657752,2.166000146522877,13.56595680190708,54.78235264896431,0,2026-09-03 06:33:50
2024-01-09 19:59:00,CNC-03,H,300.11293503833326,313.8724227433322,2423.6085700721333,24.155378232460762,183.7986545597959,3.376438671633405,10.974308551254387,55.56453441213514,0,2026-09-03 06:33:50
2024-01-09 01:34:00,CNC-02,M,298.81312261611635,311.4064271995301,2743.004245057706,16.965391775627307,128.6780382324153,3.3401682887370017,8.850840243078256,52.38738862752876,0,2026-09-03 06:33:50
2024-01-09 10:35:00,CNC-01,L,296.8125348685166,311.4269096971747,1379.762918128241,51.17009510337025,185.33927388975553,2.683835121294726,13.362858011222047,55.771021622149696,0,2026-09-03 06:33:50
2024-01-09 16:38:00,CNC-01,L,299.86615625002815,313.6572127132672,1843.0160688390836,36.72727370191522,84.02446875014797,2.582736367146069,12.56108742628878,54.83678434509574,0,2026-09-03 06:33:50
2024-01-09 19:12:00,CNC-03,H,300.58839026070933,314.62551125542814,2171.9610532179845,29.62990673546538,126.21424257140211,2.941789166906684,11.899988772427193,53.02956321774786,0,2026-09-03 06:33:50
2024-01-09 11:37:00,CNC-03,H,296.63833332005777,311.4905928196026,1341.8535410226568,55.29854544296618,221.38932194328467,2.6541555923336673,13.855664136003966,61.79157412881266,0,2026-09-03 06:33:50
2024-01-09 08:02:00,CNC-03,H,296.15280383005904,311.1474560301371,1706.2887219656625,47.10100428079512,106.32679560175097,2.4496372231564476,14.905367947136508,54.838619921716344,0,2026-09-03 06:33:50
2024-01-09 09:29:00,CNC-02,M,296.3613330243643,309.79569464709107,1567.95811337009,41.37190908718662,35.312055691839326,2.0903469827682173,12.158918496500855,60.75145518164595,0,2026-09-03 06:33:50
2024-01-09 05:29:00,CNC-02,M,296.67740219791705,311.6241485573657,2229.5214514273002,33.66534064321335,150.3666739971901,3.0801696565177066,13.915117045118174,55.192465784687485,0,2026-09-03 06:33:50
2024-01-09 16:49:00,CNC-03,H,299.672225187369,314.5655679532039,1820.3317729964954,40.94494940528075,168.93879456113746,2.7492773305747598,13.621051418060894,54.562460248498624,0,2026-09-03 06:33:50
2024-01-09 23:25:00,CNC-01,L,299.97129497312085,312.2772899161548,2744.576038356544,14.639120514528049,159.18234189705063,0.0,7.937682997661789,44.91706943079412,0,2026-09-03 06:33:50
2024-01-09 13:01:00,CNC-01,L,298.0635999353866,0.0,1388.46396005307,54.69238642357914,209.10595087489656,2.9285593823508824,14.367358053889317,47.439683290689324,1,2026-09-03 06:33:50
2024-01-09 22:57:00,CNC-02,M,299.76058795123083,313.2704104460688,2715.8655420514083,18.94632903461258,211.27738122611237,4.065711290022246,9.681026421764127,51.23019774420851,0,2026-09-03 06:33:50
2024-01-09 05:48:10,CNC-02,M,296.9996484725402,311.5622305409071,2028.5873854327888,33.88802659366596,173.90240741438876,3.064027309930587,12.771768621832212,51.816048170246624,0,2026-09-03 06:33:50
2024-01-09 07:28:00,CNC-03,H,296.0822124097071,309.80401975851345,1895.2214938825305,36.959510089611854,57.1790809067909,2.39187461411925,13.34672784639118,62.047859066407355,0,2026-09-03 06:33:50
2024-01-09 21:20:00,CNC-02,M,300.468336296782,313.8466507582846,2600.1504230197143,21.0277003522779,105.32783932059354,3.21828310421628,10.336339678133942,52.13168239114777,0,2026-09-03 06:33:50
2024-01-09 01:01:00,CNC-03,H,298.5308170210013,309.5094947532384,2566.8359450438224,11.465486094062854,84.11474824858128,3.206939548702644,5.531383185606532,56.431643373726814,1,2026-09-03 06:33:50
2024-01-09 19:50:00,CNC-01,L,300.39463390513816,314.5639930828564,2428.5309535241827,28.57543660327964,136.26184549511729,,13.147061587143181,45.82306026801847,0,2026-09-03 06:33:50
2024-01-09 01:11:00,CNC-03,H,298.4049476271056,310.4872098342431,2727.7653830722948,15.154906110729359,94.86640086340878,3.34323211983097,7.862723489215671,53.27097957241185,0,2026-09-03 06:33:50
2024-01-09 10:41:00,CNC-03,H,296.62365451382306,311.18160154556153,1330.2492473533086,56.192822978956,132.74443759990976,2.1544452683524242,13.66911123635477,60.09606661862327,0,2026-09-03 06:33:50
2024-01-09 05:51:00,CNC-03,H,296.2645183963157,310.1577809817143,2118.8473985618743,29.994848402221223,153.81161247330135,2.9418882599235006,11.908516041982717,53.44343259415623,0,2026-09-03 06:33:50
2024-01-09 02:57:00,CNC-01,L,297.4713144179287,310.1669387726121,2509.585879091197,20.994684545867234,9.049619788008902,3.011257875905904,9.69667985541707,54.666123587441334,0,2026-09-03 06:33:50
2024-01-09 19:44:00,CNC-02,M,300.7672877259805,314.97372291269954,2331.771237721913,26.249386892007863,247.39462864371524,4.185469234408972,11.456606950542293,49.77012246360433,0,2026-09-03 06:33:50
2024-01-09 02:49:00,CNC-02,M,298.0569897694384,311.74446708402553,2488.392427518047,22.92905124960693,211.35101400970296,3.856546218088483,10.65185254448734,58.6544892678257,0,2026-09-03 06:33:50
2024-01-09 09:01:00,CNC-02,M,296.51144715547184,311.3443513647383,1484.0789623020357,47.40510798328789,221.5310993859833,2.98442392594532,13.16357405116978,61.79697726739742,0,2026-09-03 06:33:50
2024-01-09 02:55:00,CNC-02,M,298.1021421168287,311.93891012329243,2509.1584148462484,23.370371013951733,218.21488804930442,3.9304982873091943,11.01949599867582,61.884824233439204,0,2026-09-03 06:33:50
2024-01-09 18:05:00,CNC-02,M,27.302923453807296,41.89954551384483,2033.8274556272381,35.50947547936551,122.24264848879763,2.609536807017488,13.626469231470349,51.10442727963453,0,2026-09-03 06:33:50
2024-01-09 04:44:00,CNC-03,H,296.6510469542901,309.788498822156,2204.6391778089146,27.477411707632896,68.19789489382921,2.8263685800439746,11.206285902521037,54.57492540781466,0,2026-09-03 06:33:50
2024-01-09 17:30:00,CNC-01,L,27.119976526909,40.94124820704468,1897.0164680458827,33.69784843569784,156.86178980974015,2.9324790048518348,12.224477889712176,51.09185216352599,0,2026-09-03 06:33:50
2024-01-09 16:08:00,CNC-02,M,26.251392523001698,41.78301671209118,1772.2197160665753,44.61965761157424,167.66324030369267,2.7880047442773135,14.906235956885403,52.92124398031476,0,2026-09-03 06:33:50
2024-01-09 07:36:00,CNC-02,M,296.298242577302,311.00391822452303,1746.4889893363656,44.868580765699306,95.16081164579758,2.3756960523414996,14.630476823415455,55.731582042838546,0,2026-09-03 06:33:50
2024-01-09 12:03:00,CNC-01,L,297.2139798156152,311.4280202083107,1297.9496547171993,53.07174359118588,117.26967676115811,2.1479192442742576,12.970781505227697,55.54701366308731,0,2026-09-03 06:33:50
2024-01-09 07:15:00,CNC-02,M,296.3494921987748,310.84842436389664,1728.1154626651823,42.48535184085172,65.3126009143549,2.356838624233754,13.557143538682984,54.99130504458394,0,2026-09-03 06:33:50
2024-01-09 07:51:50,CNC-01,L,295.88189298371776,310.5834916510321,1711.2025781411241,43.36872039288535,171.98181981045704,2.804321485052164,13.996642154665416,54.7765838680811,0,2026-09-03 06:33:50
2024-01-09 02:50:00,CNC-01,L,297.36943815878544,309.32859307822906,2546.2059957307197,18.657450739206585,1.1177763070087006,3.2305511072494473,8.874301100386045,59.01700398646202,0,2026-09-03 06:33:50
2024-01-09 17:05:00,CNC-02,M,26.771133875711882,40.97839720371746,1891.774174769863,38.051894402158894,40.726396328910155,2.493888200784086,13.342875192397322,47.61437623019894,0,2026-09-03 06:33:50
2024-01-09 21:42:00,CNC-02,M,300.6967220710106,313.6760589592423,2626.8345288819205,17.692208605722467,129.92729446528963,3.2873219125554773,8.252158046133022,52.00420515338114,0,2026-09-03 06:33:50
2024-01-09 14:39:00,CNC-02,M,298.54441688155276,312.8566344562208,1524.3841191922577,46.47108625957875,34.222238771842264,2.172033615462405,13.132477694604749,51.61975175407966,0,2026-09-03 06:33:50
2024-01-09 10:27:00,CNC-02,M,302.2265784137761,310.81633631548766,1363.5140138099728,53.529224125341294,125.48772697533346,2.235759831023208,13.625438910308167,46.77040819234648,1,2026-09-03 06:33:50
2024-01-09 21:46:00,CNC-03,H,305.6941409026812,311.65814082684165,2650.8204530515186,15.181720814062558,84.1057003781222,3.244113291215014,7.6664882186526,41.25353510918641,0,2026-09-03 06:33:50
2024-01-09 21:25:00,CNC-02,M,300.26526714922386,313.5472761456074,2451.464396116943,21.637572754714366,110.90053894486618,3.0851911726871144,10.027192827907239,51.14574567660604,0,2026-09-03 06:33:50
2024-01-09 13:11:00,CNC-03,H,297.86568360453754,311.6642075610056,1357.2022204387988,47.61714187066531,99.8909855489059,2.0403709030637502,12.025556697468264,55.805665159832145,0,2026-09-03 06:33:50
2024-01-09 12:54:05,CNC-03,H,297.73161281963024,311.5595540905614,1313.7107632861562,51.89466906005835,71.47159816350434,1.9360404404668932,12.878782241174475,58.18535932406185,0,2026-09-03 06:33:50
2024-01-09 10:57:00,CNC-03,H,296.73102168120187,311.23951751738736,1357.5553154614101,55.55268032451339,158.1133158542097,2.328103117117305,14.080554654710765,58.742162452237174,0,2026-09-03 06:33:50
2024-01-09 22:57:00,CNC-01,L,300.30252371868386,312.7842139429017,,18.171981431665643,129.47944456021526,3.43689366471121,8.638226300530308,54.1754904864306,0,2026-09-03 06:33:50
2024-01-09 04:48:00,CNC-03,H,296.6675824255111,310.6670063941076,2320.481440611721,28.91621590424557,73.15941604274231,2.8343466663211294,12.738522515816461,55.27628677139661,0,2026-09-03 06:33:50
2024-01-09 10:58:00,CNC-01,L,296.7249680983223,,1296.2089849179004,48.36928136697662,14.24673453326731,2.0481120834601216,11.9090551689868,58.47327002501249,0,2026-09-03 06:33:50
2024-01-09 10:50:00,CNC-03,H,296.54732474822555,310.7958451695453,1514.3967028454965,45.64628077710403,146.98202670528528,2.3877527480782894,12.989648186779233,59.6189454009181,0,2026-09-03 06:33:50
2024-01-09 20:40:00,CNC-02,M,300.58358169337123,313.9756791478878,2480.0542797290855,23.68545254136691,59.88782605041463,3.0165077041810435,10.975917774427785,47.97304300434901,0,2026-09-03 06:33:50
2024-01-09 06:59:00,CNC-01,L,296.1280821843617,310.3146349909269,1831.0135463219565,38.897583368508634,96.27342539769657,2.435723581663634,13.314661871000405,53.7294275030785,0,2026-09-03 06:33:50
2024-01-09 01:42:00,CNC-03,H,298.4003210094271,311.1801057255051,2537.321872033179,19.936654206447177,128.11630445257936,3.1528044958834602,9.445625273401243,52.105774803624655,0,2026-09-03 06:33:50
2024-01-09 05:27:00,CNC-02,M,296.89903472314074,311.31114425311193,2103.573251024141,33.19038376561034,147.7630963203312,2.945335916360706,12.944595694502986,56.157931332603546,0,2026-09-03 06:33:50
2024-01-09 07:48:00,CNC-02,M,296.4210188850451,311.1065085270654,1853.7475945701315,38.70042059557991,112.3056572119702,2.5623122128942177,13.50455733565435,58.34156470522247,0,2026-09-03 06:33:50
2024-01-09 09:55:00,CNC-02,M,296.15063173893316,310.66825654814977,1411.99866078832,51.77414329218377,75.66641540047628,1.9622300619127298,13.770899869305586,56.65075357572339,0,2026-09-03 06:33:50
2024-01-09 02:30:00,CNC-01,L,297.37059141865535,309.1066094859021,2791.35451049532,12.276544092001615,169.6752769445766,3.744730451445124,6.561780679301408,,0,2026-09-03 06:33:50
2024-01-09 15:19:00,CNC-03,H,25.92512306804906,39.98671516659715,1576.602505693534,45.00181358590946,37.78961762641161,2.136791773529291,13.14969906518523,50.72866476532485,0,2026-09-03 06:33:50
2024-01-09 21:16:00,CNC-03,H,300.00962335149785,313.0512624134357,2402.2368873109162,22.90104387046555,50.53716388672361,2.9931652669124715,10.30301936020024,45.97451698148886,0,2026-09-03 06:33:50
2024-01-09 07:15:00,CNC-03,H,295.99900964358596,310.2412735792401,1798.545242587064,40.7488379668269,38.85364510287198,93.76977709126163,14.020667816484334,56.74435542566033,0,2026-09-03 06:33:50
2024-01-09 00:14:00,CNC-03,H,298.8769950243496,310.19820041963544,2792.4837291102094,13.161546421820313,34.25892796614521,3.3819612345575436,6.756895694987983,53.30935128463972,0,2026-09-03 06:33:50
2024-01-09 05:39:00,CNC-03,H,296.4613167824796,310.3568274559264,2075.567421705035,32.623788234851546,137.95650024103927,2.8129669537517987,12.854924646892638,61.806926070902755,0,2026-09-03 06:33:50
2024-01-09 12:25:00,CNC-02,M,297.3447681682076,311.8999112347987,1457.5470232109328,49.26212027134853,63.4202084373467,2.161687635340312,13.22474549500265,56.97731271510262,0,2026-09-03 06:33:50
2024-01-09 20:07:00,CNC-01,L,300.2797551300534,314.36644674732645,2419.1495358226257,26.630492007645515,156.72322368612294,3.437458760805005,11.892008585025467,47.197533533209395,0,2026-09-03 06:33:50
2024-01-09 16:12:45,CNC-01,L,26.580785110974205,40.423316934877846,1899.1204285377962,36.75490075171765,49.79740281314873,2.7255910396129543,13.236425235491295,52.090099833699604,0,2026-09-03 06:33:50
2024-01-09 12:50:00,CNC-03,H,297.59974211892603,311.16004828078803,1372.994307966066,48.387991470317914,66.74360037236957,2.066061857957567,12.453609769255953,56.83740251798756,0,2026-09-03 06:33:50
2024-01-09 02:56:00,CNC-02,M,297.8415552502871,310.8029373732142,2633.6122866629903,17.755180896173023,219.33911007710287,3.9551037417843933,8.856522544978322,57.77903638873286,0,2026-09-03 06:33:50
2024-01-09 22:37:00,CNC-01,L,300.38733571910086,312.15734366231555,2620.0262715873137,14.139913797396687,107.75810357006216,3.144758895135815,6.870414794107503,48.89840096229928,0,2026-09-03 06:33:50
2024-01-09 03:22:00,CNC-03,H,297.4503633636246,311.62851339269326,2359.8293015011272,27.36156416531591,240.04313318525746,3.752521751909603,12.30986791509585,54.35572214837705,0,2026-09-03 06:33:50
2024-01-09 06:07:00,CNC-02,M,296.91602381870774,311.5052529641621,1996.3244054348481,35.045802042826104,200.63470737018469,3.252446887209513,13.260349729544942,55.90948273412056,0,2026-09-03 06:33:50
2024-01-09 15:00:00,CNC-03,H,298.48315943915105,312.2130077352071,1632.9356465161259,41.444023314676876,9.121411332558143,2.2029540116865607,12.591659193811358,54.97029013841859,0,2026-09-03 06:33:50
2024-01-09 14:35:00,CNC-01,L,298.3091421710091,312.5007271355523,1551.5144455236632,45.08861384228285,127.92916166180122,2.4441421370626175,13.198294653777102,53.6615180069045,0,2026-09-03 06:33:50
2024-01-09 12:05:00,CNC-03,H,297.3599470019001,313.0078057174879,1443.7220700325756,56.32805039941632,265.74540497938136,3.340917470051897,15.164226387484893,58.63137532042257,1,2026-09-03 06:33:50
2024-01-09 14:29:00,CNC-02,M,298.70303457384784,312.67868240495255,1458.098664229665,47.344204408344524,18.702280457776624,2.1051648663963096,12.925944280827723,51.198467844697674,0,2026-09-03 06:33:50
2024-01-09 17:10:00,CNC-01,L,26.99752436882079,41.17172286941366,1929.9594734846287,35.68212205237191,129.2588655624823,2.8073452722692878,12.938394190856203,51.13488874924094,0,2026-09-03 06:33:50
2024-01-09 05:16:00,CNC-02,M,297.0120651606633,310.973883498925,1940.3677926754006,33.60051423989644,133.68883898166382,2.7218778341610523,12.167046593415192,59.76280862020475,0,2026-09-03 06:33:50
2024-01-09 12:46:00,CNC-02,M,297.5116200211254,312.21626324862365,1493.882292278701,47.55484701928643,96.56901350588066,2.157661417432961,13.311269539877134,53.36459503447911,0,2026-09-03 06:33:50
2024-01-09 23:32:00,CNC-01,L,300.19735787224636,312.90275404966025,2876.215500086537,16.05522377787272,166.54096541558053,3.951423642992591,8.490775887879629,47.862743517341,0,2026-09-03 06:33:50
2024-01-09 19:12:00,CNC-01,L,300.3023659270145,314.42205987762827,2336.3242885912255,28.224336095586924,89.88920229083529,3.1665662959381824,12.20800728075128,50.75357728903734,0,2026-09-03 06:33:50
2024-01-09 09:21:00,CNC-03,H,296.40529816909583,310.0631540569199,1513.8350703762658,44.35632100361235,7.712251081036773,2.2737692247133823,12.343379662456131,55.3084956233462,0,2026-09-03 06:33:50
2024-01-09 07:52:00,CNC-02,M,296.1482251025163,311.02606369619775,1670.497940197862,46.07758178600751,118.20610347268324,2.4891586957250738,14.22517029797499,54.65175976683007,0,2026-09-03 06:33:50
2024-01-09 23:20:00,CNC-03,H,299.984503084158,313.95510493646293,2527.0295081997583,25.643603189196014,186.0389007409213,3.4441922196906156,12.321829271524916,51.96679914872884,0,2026-09-03 06:33:50
2024-01-09 18:16:00,CNC-03,H,299.8020508907879,313.32153914806327,2100.008767580343,31.92441122578246,54.549444688561984,2.8038603989258153,12.513045841041263,51.449065361272446,0,2026-09-03 06:33:50
2024-01-09 04:07:00,CNC-03,H,296.95165178000406,309.7100358456391,2512.5247955679615,22.21113617000319,22.764102326865856,3.081557300775177,10.387803655638812,51.352236905320815,0,2026-09-03 06:33:50
2024-01-09 05:11:00,CNC-03,H,296.30024857304556,310.0013770437427,0.0,30.494521423355824,102.02394429262091,2.7599801254135143,12.02881784166528,57.8386793788392,0,2026-09-03 06:33:50
2024-01-09 16:44:00,CNC-01,L,299.89448826242926,313.94538540097756,1763.0514334424524,41.453773097884174,92.6750132785295,2.531944685971932,13.544483501971415,51.00468537249098,0,2026-09-03 06:33:50
2024-01-09 04:40:00,CNC-01,L,296.2268755161522,310.40169914548346,2269.6972407831277,29.803825011629776,131.26136602455495,3.142697278706564,12.801222058891696,60.56483194881603,0,2026-09-03 06:33:50
2024-01-09 04:20:00,CNC-02,M,297.26975496140926,310.84295678008823,2434.2274005996396,25.697341105266897,64.12933644586633,2.952817169780091,11.82432855668024,53.19159205158465,0,2026-09-03 06:33:50
2024-01-09 07:18:00,CNC-02,M,296.49798149724006,310.7617622179214,1743.2255804960048,40.08511153032464,69.56357942561958,2.3079508307732204,12.962409829893879,56.42821769981104,0,2026-09-03 06:33:50
2024-01-09 07:06:00,CNC-02,M,296.3526023231579,310.26028775377847,1947.6233678931962,34.85667822718037,52.72472792053137,2.6848240278109965,12.67313313701097,58.807095021905056,0,2026-09-03 06:33:50
2024-01-09 01:02:00,CNC-02,M,298.9657203466723,311.59144865855006,2582.9380243802943,19.504560373087777,94.0824551208955,3.203258614976992,9.258412670284994,49.78094579789462,0,2026-09-03 06:33:50
2024-01-09 18:49:00,CNC-03,H,300.4020925519089,314.2532218119371,2126.726336202827,31.05523226267332,97.22350122821913,2.761563124120898,12.48365396820915,50.735231885895224,0,2026-09-03 06:33:50
2024-01-09 03:10:00,CNC-02,M,297.69255881209745,312.4378309110286,2378.713973348999,29.413163284875807,235.42260543478957,3.886986635750216,13.06520590771356,53.184762425298445,0,2026-09-03 06:33:50
2024-01-09 01:34:00,CNC-03,H,298.4567612580438,311.7325128703636,2604.1836685008907,21.080269714999698,119.45616294764535,3.149684269649416,10.3216851463853,51.44705289375251,0,2026-09-03 06:33:50
2024-01-09 03:53:26,CNC-01,L,296.5666715958598,310.54337887838017,2436.400366767479,27.89199548336645,74.31894557734041,3.0393234283959303,12.556396633318661,55.65732046690282,0,2026-09-03 06:33:50
2024-01-09 03:13:00,CNC-03,H,297.6692043361941,311.66529979240005,2458.751031199154,25.50482151733706,229.7940072893986,3.695728615496361,11.638323442348803,50.719622530524205,0,2026-09-03 06:33:50
2024-01-09 04:42:00,CNC-03,H,296.65221758947644,310.2120102112125,2276.907370172226,27.73910780407691,65.66388341133784,2.901403640864705,11.585311836766902,56.59160717994844,0,2026-09-03 06:33:50
2024-01-09 02:01:00,CNC-02,M,298.4383959826491,310.93677818838216,2577.776417076093,17.341632018747134,157.76515789954587,3.4123301985122803,8.428218840495076,55.40044553310928,0,2026-09-03 06:33:50
2024-01-09 16:50:00,CNC-02,M,300.06495302271463,313.8302555071176,1889.3980894741042,36.737355701596876,19.773140113131127,2.388405256234588,13.173097931206664,51.16779932192964,0,2026-09-03 06:33:50
2024-01-09 06:20:00,CNC-01,L,296.17231991429554,309.6991690198866,1989.2495498815604,32.04399958565246,42.58756523290086,2.6595345317806114,11.824651165931897,54.61932434918705,0,2026-09-03 06:33:50
2024-01-09 06:10:00,CNC-03,H,295.92652888506416,310.3924680678174,1727.3177855253432,41.52533456102275,179.11184788457504,2.7819454685344147,13.671104504316778,58.353121206770645,0,2026-09-03 06:33:50
2024-01-09 14:05:00,CNC-02,M,298.45285161623525,313.44569509123016,1403.821327502606,49.48844710601709,221.03597251176845,2.9918994625278525,12.88845200149462,54.415796436900514,0,2026-09-03 06:33:50
2024-01-09 13:08:00,CNC-03,H,297.8165147338753,311.91548293198883,1366.0863304242819,51.522241722933295,95.12129725824607,2.097483411370789,12.712677742773687,54.08905947264694,0,2026-09-03 06:33:50
2024-01-09 17:03:00,CNC-03,H,299.59766944791573,314.85252809610176,2017.4798979119764,39.06491287692367,188.50792308692607,2.999015266057191,14.473255493250294,0.0,0,2026-09-03 06:33:50
2024-01-09 07:55:00,CNC-01,L,295.85581505112043,311.13290597629367,1677.9406677694574,48.29591156688518,176.41136978556193,2.766791870926003,15.147035301765802,59.782091574672414,0,2026-09-03 06:33:50
2024-01-09 07:51:00,CNC-02,M,296.2988211619259,311.2120307780899,1846.1021425849476,41.42611704828799,116.71373318717524,2.627424523195351,14.004661806694015,59.31254919618148,0,2026-09-03 06:33:50
2024-01-09 12:03:00,CNC-03,H,297.1268534171778,312.30981463085584,1368.3233486607267,54.878647900664085,262.554303196701,3.1814713359183444,13.971541517753401,62.15754742047088,1,2026-09-03 06:33:50
2024-01-09 17:55:00,CNC-03,H,26.6358465098715,39.85092827905993,2009.8913227945707,32.17433818611012,26.804564495542014,2.588402903086474,12.16088035884655,53.060503357212326,0,2026-09-03 06:33:50
2024-01-09 12:35:00,CNC-01,L,297.6504993483029,312.15096098099355,1385.1944676937187,51.74913009077768,167.90635355904155,2.467990939978752,13.612483613071102,56.37137379295104,0,2026-09-03 06:33:50
2024-01-09 03:17:56,CNC-01,L,297.0620815425827,309.54613223375907,2480.342849034019,21.046524653043978,32.02019072017291,3.1569459368152564,9.810427752675176,57.22854598622714,0,2026-09-03 06:33:50
2024-01-09 15:46:00,CNC-02,M,26.423009423929898,41.79354887144575,1662.3481217315114,47.35993871530269,135.45903321043016,2.573002459146723,14.806578352776844,51.47903443396576,0,2026-09-03 06:33:50
2024-01-09 19:46:00,CNC-01,L,300.6338540912855,314.58648908802104,2444.9796603552363,26.885007698746506,131.43792497564303,32.57610911747913,12.273529587154147,49.39515108522773,0,2026-09-03 06:33:50
2024-01-09 18:54:00,CNC-03,H,300.59721658418147,313.4447092511211,2168.765006383745,23.751308732404155,103.63414917418294,2.8956555581007506,9.487320577325177,47.804440061841056,0,2026-09-03 06:33:50
2024-01-09 16:58:00,CNC-03,H,299.5274438542889,314.51146502872325,1953.857034818696,38.9899700434672,181.58985778269744,29.141001013929515,14.227022874121047,52.58785842030004,0,2026-09-03 06:33:50
2024-01-09 07:25:00,CNC-02,M,296.7701812241488,310.64981553208094,1812.3100341817208,36.9543546095913,79.41100564156022,2.4966755382998427,12.31386250755259,59.708851265505025,0,2026-09-03 06:33:50
2024-01-09 15:51:53,CNC-02,M,26.417865369479443,41.05008310061021,1633.060184738152,44.63120967243446,144.33444574505737,2.5484869128019914,13.494879715556884,55.95501426345764,0,2026-09-03 06:33:50
2024-01-09 07:54:00,CNC-01,L,295.7062934198031,311.0087596374195,1686.6939735507117,48.12322892774648,174.92662972593757,2.8061291755878255,15.29958782380207,61.41668619110047,0,2026-09-03 06:33:50
2024-01-09 15:35:00,CNC-02,M,26.16032713087236,40.762538580714704,1560.8029796958028,45.33484588478034,119.16122055372631,2.418320659576056,13.112814562367527,56.03072029003058,0,2026-09-03 06:33:50
2024-01-09 14:50:00,CNC-01,L,298.53311033041354,313.4910354343307,1509.4782832282744,52.48200153765553,150.8218767792991,2.6123056603625945,14.851803225721492,57.37693400460464,0,2026-09-03 06:33:50
2024-01-09 05:17:00,CNC-02,M,296.64014695515266,310.210844951492,2050.3862465588836,28.92148477448595,134.9768612849016,2.9034706893945073,11.257581734187651,58.9324344572217,0,2026-09-03 06:33:50
2024-01-09 02:10:00,CNC-03,H,298.123372856911,311.1263643152335,2597.332988097088,20.217680393844176,158.81842268519043,3.4174773421330173,9.89552972608893,50.58511335178778,0,2026-09-03 06:33:50
2024-01-09 08:01:00,CNC-01,L,295.96487167392684,310.79381735221,1654.8600953645375,45.77314606855634,185.19397387410822,2.790191359658392,14.064572251790931,63.32374794509828,0,2026-09-03 06:33:50
2024-01-09 17:54:00,CNC-01,L,27.15593486287247,42.78080303289579,1993.3734530841677,41.89330914161081,189.29561302554558,3.230586625751927,15.899798326165605,49.46903740006387,0,2026-09-03 06:33:50
2024-01-09 04:43:00,CNC-01,L,296.42777281273004,310.17859067258627,2337.4116650807027,26.731159751760597,134.91874444910096,3.0894823717653166,11.861205104506507,59.30469509533229,0,2026-09-03 06:33:50
2024-01-09 04:38:00,CNC-02,M,297.1141454948397,310.6771048894829,2241.694204345547,28.329130708321248,85.95437903219977,2.7921868774343324,11.990742363450952,54.05512892829464,0,2026-09-03 06:33:50
2024-01-09 03:01:00,CNC-02,M,298.03977934589693,312.47332166699624,2430.758419897309,27.096442992626603,225.080224825958,3.9018600721684176,12.530559734162532,54.321644187099785,0,2026-09-03 06:33:50
2024-01-09 00:08:00,CNC-01,L,298.8249371396218,309.5732717722362,2816.074138833878,10.37129397087125,15.785133881684654,3.3636699871844424,5.413215596279736,54.67972593646422,1,2026-09-03 06:33:50
2024-01-09 18:11:00,CNC-01,L,300.2689951797094,313.99182731612365,1965.0577342650872,34.49315448466328,11.887762887107467,2.615276474647202,12.950784583274242,50.73305503193046,0,2026-09-03 06:33:50
2024-01-09 10:52:00,CNC-03,H,296.6792001656859,311.45285536066746,1335.1301425868178,57.37886212108811,150.17059885652517,2.180505907585169,14.439294217926586,56.65663185787162,0,2026-09-03 06:33:50
2024-01-09 02:10:00,CNC-01,L,297.6806246506599,310.09119437297596,2483.7037664392356,18.533791868391944,147.47028786409325,3.261880747837493,8.466257670118022,55.24032309086734,0,2026-09-03 06:33:50
2024-01-09 23:46:00,CNC-02,M,299.5935102344873,311.65643993405837,2691.8340513321546,15.779964479710642,7.418575030239365,3.2156182187381184,7.828890167901153,52.624506228592004,0,2026-09-03 06:33:50
2024-01-09 12:05:00,CNC-02,M,302.9809486113451,311.0193332721344,1510.494949580116,46.99910490377211,31.729683866857602,2.0966533027395995,13.139232964951539,43.79196257806306,0,2026-09-03 06:33:50
2024-01-09 19:36:00,CNC-03,H,300.52053793388774,315.1337761666018,2159.837495619494,33.78641252241766,156.08256038751722,2.946363702736914,13.582473474786774,50.6728426072067,0,2026-09-03 06:33:50
2024-01-09 14:52:00,CNC-03,H,298.6687713944869,314.079842202546,1540.7807697659177,49.543071757596906,257.3966658673774,3.2865385176193813,14.316178370308121,53.31487306666457,0,2026-09-03 06:33:50
2024-01-09 21:01:00,CNC-02,M,300.3951325694037,313.14576496944574,2525.6546291590143,18.952648942540403,83.74131486214995,3.152483050767347,8.797019848175347,52.88961194006872,0,2026-09-03 06:33:50
2024-01-09 08:41:50,CNC-03,H,295.57367139452776,310.6872844949227,1684.5188247196334,46.96854700782675,167.21480272301721,2.736468460713544,14.715627391475037,56.468389785929006,0,2026-09-03 06:33:50
2024-01-09 20:13:00,CNC-02,M,300.3935630076978,312.6526866367632,2454.5994533120165,18.56479034139882,28.43322799184149,3.0018833311922597,8.452212837519372,53.22511479685517,0,2026-09-03 06:33:50
2024-01-09 14:12:00,CNC-02,M,298.6080348974725,313.5998864039493,1449.6124215738175,49.78103348157765,231.90750950185026,3.1814666584867575,13.36516409863625,51.883970926085816,0,2026-09-03 06:33:50
2024-01-09 14:48:00,CNC-02,M,298.718167648593,312.3068108382051,1409.7115381276492,45.072276871321144,48.101717394810194,2.0487937754379777,11.699392242027598,46.686666927710895,0,2026-09-03 06:33:50
2024-01-09 08:55:00,CNC-02,M,296.03000655954384,311.30167676463435,1741.7709420826773,45.64096075321635,212.44687831573196,3.0247461477006614,14.875478646429839,58.04029661771628,0,2026-09-03 06:33:50
2024-01-09 23:27:00,CNC-02,M,299.7803684726326,314.0254733741851,2632.160995752909,22.360163907197695,243.47479820786117,4.284025318436595,,52.55600940680958,0,2026-09-03 06:33:50
2024-01-09 05:18:00,CNC-03,H,296.5152745029275,310.34280743593075,2241.280937499751,29.562135278512027,110.85929029419141,2.8587501118521654,12.58202603616535,59.1518726160085,0,2026-09-03 06:33:50
2024-01-09 18:39:00,CNC-03,H,300.24198080869775,314.02314073766985,2141.9280007412676,31.570388082030767,84.42038397023212,2.741031062990193,12.838099416421962,55.97260648510438,0,2026-09-03 06:33:50
2024-01-09 22:54:00,CNC-03,H,305.592455811675,313.11259225456126,2565.951004265246,22.35049046949653,158.25997243697847,32.866163848098836,10.714400745912158,43.20984973062766,0,2026-09-03 06:33:50
2024-01-09 01:10:00,CNC-02,M,298.9922905314067,310.98165524736567,2675.554689345661,14.532467823314645,102.81955934939148,3.176067149122049,7.439158635446977,56.38202655738487,0,2026-09-03 06:33:50
2024-01-09 01:43:00,CNC-02,M,298.7287658819943,312.137813993344,2541.932529504343,22.136535283849625,138.37607008859337,3.2926570226079424,10.757410119741474,58.950239992558586,0,2026-09-03 06:33:50
2024-01-09 03:56:00,CNC-03,H,297.1357480009219,309.6591878699195,2336.6665828927325,21.912650858997292,9.43145179614172,2.966634808284866,9.661864791866053,54.53809857423569,0,2026-09-03 06:33:50
2024-01-09 13:03:00,CNC-01,L,297.99278288505195,312.95584355688936,1463.6636973006916,51.544403425884376,212.24872370285334,3.0403325467535587,14.009244427094858,55.02853369384594,0,2026-09-03 06:33:50
2024-01-09 04:23:00,CNC-01,L,296.20558157789844,309.3820257643872,2403.0323432009836,23.93306179175692,110.42367462447336,3.1165060360411885,10.782001713523348,58.26573527694195,0,2026-09-03 06:33:50
2024-01-09 06:10:24,CNC-01,L,296.05454120604264,309.18860101292927,2015.958897326747,30.410824543630437,27.809942052877755,2.6106555828961704,11.560616949016822,64.40357895763862,0,2026-09-03 06:33:50
2024-01-09 17:33:00,CNC-02,M,27.113589510832014,42.290770528124824,1794.9498587097792,44.865638250237936,79.30330921669027,2.475981011384839,14.846172798976195,49.016256578368434,0,2026-09-03 06:33:50
2024-01-09 07:36:00,CNC-03,H,296.0606873614464,310.3474798807707,1914.9644033577144,36.26090104536397,68.60123259030699,2.5708608902581265,13.18356058958384,63.081468791311835,0,2026-09-03 06:33:50
2024-01-09 14:14:00,CNC-01,L,298.5136194276529,312.4048214203525,1526.2152816077898,44.37436435869843,95.51974578002138,2.200425048274321,12.788893637868979,52.48157962233664,0,2026-09-03 06:33:50
2024-01-09 19:23:00,CNC-03,H,300.4621660159919,314.93987118034386,2132.091329743786,34.12949785171249,140.06940691022916,2.9400632239234272,13.876348983796893,50.12386186409545,0,2026-09-03 06:33:50
2024-01-09 10:38:00,CNC-01,L,296.6083787727596,311.1721298688161,1476.5020907610212,48.858585176335694,190.04449334130297,2.7903826129974245,13.411057867141137,54.13473100831699,0,2026-09-03 06:33:50
2024-01-09 06:56:00,CNC-01,L,295.9157756603271,309.98236278764637,1925.1219952521578,36.33769767027316,92.09825768839751,2.653853964923433,13.120119688668959,62.499550027149624,0,2026-09-03 06:33:50
2024-01-09 03:42:00,CNC-03,H,297.4379611525117,312.2582019684689,2397.509797209358,794.7034615277613,263.00219265393855,4.166438957728335,12.863711463727865,55.47593252100805,0,2026-09-03 06:33:50
2024-01-09 20:29:00,CNC-01,L,300.60939951353566,314.05455521623566,2308.281149995366,24.729588677324706,182.68890369898534,3.5367368390926335,10.93763054910379,48.97325819198406,0,2026-09-03 06:33:50
2024-01-09 05:04:00,CNC-01,L,301.910330097085,310.19582746439903,2209.1739866060234,31.106895951571797,161.08788265445077,3.068362678143169,12.862532619998575,49.457186936805655,0,2026-09-03 06:33:50
2024-01-09 05:51:00,CNC-02,M,296.8711559355733,311.5524878240351,2249.368796917286,32.42677693770744,179.14363031593976,3.2397978530887515,13.483657478430604,53.228523376628786,0,2026-09-03 06:33:50
2024-01-09 09:27:00,CNC-01,L,296.1708859380939,310.27755570748093,1629.0944086969162,44.274431639301106,79.14334858069776,2.2895343492314866,13.466773590736926,59.32403686850023,0,2026-09-03 06:33:50
2024-01-09 00:18:00,CNC-02,M,298.7365401428544,310.3761190402996,2754.5708234561184,14.303071562356461,47.50946332295273,,7.37008233028424,53.68712152395197,0,2026-09-03 06:33:50
2024-01-09 10:17:00,CNC-01,L,296.62424682758655,311.8993153638839,1487.7368025160936,54.31419906476895,157.0081476101827,2.418865239149927,15.127731448434599,58.89785024903186,0,2026-09-03 06:33:50
2024-01-09 05:46:02,CNC-03,H,296.4289540284702,310.56154756848167,1992.188662346377,32.931063834278866,147.1180927097815,2.861148720104362,12.309035593990433,61.27714669145075,0,2026-09-03 06:33:50
2024-01-09 14:29:00,CNC-01,L,298.6051639119768,312.49590309008335,1584.3049129897295,43.35869661895449,118.60604131361788,2.3870575105151914,12.749898967480448,53.6467815728502,0,2026-09-03 06:33:50
2024-01-09 16:59:00,CNC-01,L,300.1370381744542,313.9102593110033,1840.937598309835,37.07695855142295,113.8993424116198,2.7229407779420596,12.371357674956057,53.12145663906213,0,2026-09-03 06:33:50
2024-01-09 17:59:00,CNC-02,M,27.39292208160606,42.15591325202149,2048.7145745312205,37.51536813238933,114.35107769502359,2.8334183103986548,14.397999446037835,47.443369679884356,0,2026-09-03 06:33:50
2024-01-09 02:57:00,CNC-03,H,297.50851880537437,311.74068314394196,2461.703610192397,25.347590870849473,211.5715563298336,3.693274502342867,11.731621967478937,57.52293955344033,0,2026-09-03 06:33:50
2024-01-09 09:56:00,CNC-01,L,296.1400783223085,311.0774081677191,1648.2972900188395,47.78483840173933,124.25086153773303,2.4930697154958854,14.45644770606509,61.04746313836201,0,2026-09-03 06:33:50
2024-01-09 06:40:00,CNC-03,H,295.8692855158178,310.2998445893937,2007.803805477341,35.02346977891347,220.12823187310647,3.294649451693764,13.286995659885351,60.655480181743044,0,2026-09-03 06:33:50
2024-01-09 05:09:00,CNC-03,H,296.388511110878,309.745088838256,2109.5942936932083,28.012358642351586,99.53011158358545,2.773060725763227,11.164570980772885,58.41790665755163,0,2026-09-03 06:33:50
2024-01-09 02:20:00,CNC-02,M,298.15849178715087,,2593.5604847751665,24.755251458282665,178.8054429576243,3.578047861125905,12.227633871826225,54.4019498097364,0,2026-09-03 06:33:50
2024-01-09 14:55:00,CNC-01,L,298.5958246787699,313.315337100526,1466.1313943326113,50.093530337752284,158.42779149760003,2.5695650390979434,13.53668604100348,55.92891041730853,0,2026-09-03 06:33:50
2024-01-09 19:01:00,CNC-03,H,300.28220782871347,313.87974269343107,2177.1105012130834,28.697982339757232,112.41910585069638,2.8612811200031345,11.48340125767409,51.547858651951316,0,2026-09-03 06:33:50
2024-01-09 08:44:00,CNC-01,L,295.7481011976544,309.95786005791643,1510.5326503461686,50.13754539518831,13.704020801432197,2.15261072074236,14.295162843847542,59.72230658977444,0,2026-09-03 06:33:50
2024-01-09 19:45:00,CNC-02,M,300.6719973299735,315.62541830322357,2286.041476156981,30.594661689597615,248.60667287689105,4.147354186390532,13.172390715549486,51.51716380187354,0,2026-09-03 06:33:50
2024-01-09 01:59:00,CNC-03,H,298.37203666747945,311.78613475704384,2676.6919922586376,21.0071523872125,146.65144191859426,3.2967247641675352,10.511777108444063,54.86791460956833,0,2026-09-03 06:33:50
2024-01-09 10:05:00,CNC-02,M,296.6806272520688,311.0582993188221,1401.5552384739021,51.270309175606386,91.16333470074917,2.165208552074548,13.61683714111074,59.24725109233198,0,2026-09-03 06:33:50
2024-01-09 16:51:00,CNC-01,L,299.4476279619472,314.59599963458874,1881.5899589889489,44.55110005021847,102.66857047440283,2.6258691249458153,15.849206840666824,52.87830629968305,0,2026-09-03 06:33:50
2024-01-09 01:05:00,CNC-01,L,298.85516056107696,310.7893402820078,2668.7220911360455,15.981771697273361,76.65576751694744,3.1773166826464934,8.175377599863543,50.036149439086664,0,2026-09-03 06:33:50
2024-01-09 19:25:00,CNC-01,L,300.5144387660241,314.6196978871628,2238.1837034851,29.144711935118494,105.97429427186512,2.858588925867642,12.3176215183948,53.8441289365782,0,2026-09-03 06:33:50
2024-01-09 03:12:00,CNC-02,M,297.8840785205949,311.96423198966744,2465.3385511096026,24.064079649434934,237.67682493282908,4.022016305652849,11.040247803813651,55.955823272821355,0,2026-09-03 06:33:50
2024-01-09 10:50:00,CNC-01,L,296.41036316323135,310.2245883738208,1430.9440024279281,49.889354258724495,1.6,2.05414714305782,13.330155477719135,55.67200578473715,0,2026-09-03 06:33:50
2024-01-09 17:02:00,CNC-03,H,299.7968153622029,314.422609343102,1813.4772147231747,39.62979649263312,187.1525438857349,2.721280459433817,13.418325574685692,54.032287144089715,0,2026-09-03 06:33:50
2024-01-09 05:00:00,CNC-03,H,296.5537889422171,310.41090841795324,2069.0315882104,32.57513858958907,88.18320235976024,2.690561959915551,12.659653038054074,55.49268215083392,0,2026-09-03 06:33:50
2024-01-09 09:52:00,CNC-01,L,296.23203347344463,310.6644372461592,1520.1051195238233,48.84704630413226,117.96756442872474,2.376664082966555,13.890849679915545,57.519396019517366,0,2026-09-03 06:33:50
2024-01-09 11:19:00,CNC-01,L,296.8628946442103,310.84433266654463,1446.4772427601488,49.33662086019059,47.3515446888621,2.147254803922742,13.451411558643429,58.7378818120795,0,2026-09-03 06:33:50
2024-01-09 19:41:00,CNC-02,M,300.51229521791504,315.3493972484848,2412.7586855106656,27.925163383156818,243.77551120034002,4.146376408135182,12.541866343798636,50.8598683833854,0,2026-09-03 06:33:50
2024-01-09 10:31:00,CNC-03,H,296.2568474826626,310.57436437948786,1297.7877979226494,0.0,117.08952574222974,2.0163549339163955,13.686559310802634,59.091657446502346,0,2026-09-03 06:33:50
2024-01-09 05:02:00,CNC-02,M,297.0065014226917,311.09980294686585,2271.452211257524,29.281121383854902,115.76216683954183,2.863991601722331,12.331356932346777,61.87550985049172,0,2026-09-03 06:33:50
2024-01-09 16:49:00,CNC-02,M,299.7878308089225,314.29685068095904,1920.398949285559,38.468701689787906,18.37442408062695,2.5202556152588493,13.874977337761369,50.941233935710414,0,2026-09-03 06:33:50
2024-01-09 14:41:00,CNC-03,H,298.7835130490911,314.21338396378593,1510.1223504191366,51.52320826269774,0.0,2.9728274753369663,14.476260447893395,,0,2026-09-03 06:33:50
2024-01-09 02:00:00,CNC-03,H,297.90356686298384,311.7911730059713,2568.0565651456577,24.72386700923073,147.79140945125766,3.339963792823478,12.00772432856323,55.23684690147859,0,2026-09-03 06:33:50
2024-01-09 12:38:56,CNC-01,L,297.5056635174325,311.94137679697707,1355.216257558703,53.158219841344554,172.70635355904153,2.5649640907009212,13.66614827043147,59.90501123845736,0,2026-09-03 06:33:50
2024-01-09 21:21:00,CNC-01,L,300.7410255618926,312.7955935317605,2544.694846490694,17.469915419466876,24.608468823696125,3.1096517444404217,8.29383903295634,50.91354527610832,0,2026-09-03 06:33:50
2024-01-09 14:38:00,CNC-01,L,298.55277665564915,312.7439330465326,1613.9205493053782,43.371434113741536,132.47521532810455,2.483821706048466,13.384179769908023,53.32906918909751,0,2026-09-03 06:33:50
2024-01-09 04:51:09,CNC-03,H,296.31835020049215,310.01260816854244,2326.678263232468,28.57029682638395,,2.955766568127979,12.429487474372435,63.27354731031953,0,2026-09-03 06:33:50
2024-01-09 18:21:00,CNC-01,L,300.16636256347823,313.12665115330833,2298.261531007023,26.347997828863523,24.94097238256967,2.9402627237295316,11.548560294486062,56.24967750169923,0,2026-09-03 06:33:50
2024-01-09 19:19:00,CNC-03,H,300.5789115446811,314.607645295267,2231.14057892238,29.545279017947852,134.96430315579346,2.8866283954222323,12.25826769155483,49.85984176230949,0,2026-09-03 06:33:50
2024-01-09 09:21:00,CNC-02,M,296.34795264929176,310.24842602121055,1502.098355418178,46.67871712945836,23.04778667916376,2.203790534419861,13.209833366075419,58.11719063797513,0,2026-09-03 06:33:50
2024-01-09 08:01:00,CNC-03,H,296.2456975540164,310.57346411898664,1744.8963909922486,41.71906597871849,104.84065207072153,2.432506369666286,13.61940303280366,57.75543132237361,0,2026-09-03 06:33:50
2024-01-09 16:46:00,CNC-02,M,299.9692063561319,314.4682702043404,1708.2172691826784,42.05772556468972,14.137831526199093,2.3647766307323663,13.400605443438957,55.86956966751026,0,2026-09-03 06:33:50
2024-01-09 16:56:00,CNC-02,M,299.78795185000445,314.05038180118856,1847.2988165473307,38.19061486850564,28.26725906090741,2.453787589455105,13.270022753481985,49.13973362820208,0,2026-09-03 06:33:50
2024-01-09 08:02:00,CNC-01,L,295.74412972346875,310.9567683164038,1818.823971512638,43.97309339934592,186.6110793862626,3.027681217533789,14.875169051915734,58.87928108992478,0,2026-09-03 06:33:50
2024-01-09 04:41:00,CNC-01,L,296.036614118354,310.26368079693015,2369.3035239249266,28.756563201097997,132.4683812654433,3.2365156043743273,13.002696217522727,57.16803427104667,0,2026-09-03 06:33:50
2024-01-09 18:51:00,CNC-02,M,300.8114354814304,315.22873191979374,2111.078159901564,31.12113026078205,181.85171845426254,3.17291634378756,12.501082492588402,49.63684495246835,0,2026-09-03 06:33:50
2024-01-09 10:55:00,CNC-01,L,296.85788644977566,310.3243749670525,1360.9482110298686,48.39167857959614,9.499984936827218,20.767952841135276,12.17194519712831,54.20660563874105,0,2026-09-03 06:33:50
2024-01-09 23:31:00,CNC-02,M,299.66897964533035,313.6580093221041,2640.660822309717,20.176800386773326,247.7819233963065,4.352125005145704,9.978325652978334,53.457409826051986,0,2026-09-03 06:33:50
2024-01-09 00:42:00,CNC-03,H,298.76548307206724,309.20593107512155,2701.176882476574,8.432832624296674,63.96512977009687,3.186452564296899,4.1966938971939935,53.36485142861754,1,2026-09-03 06:33:50
2024-01-09 05:33:00,CNC-03,H,296.2706387416698,310.1170191406858,2169.5382798821056,30.000709397954953,130.0308135728842,2.843024738390217,12.292642620711634,57.812094865427305,0,2026-09-03 06:33:50
2024-01-09 10:40:00,CNC-02,M,302.3167208308292,311.20737180801086,1350.6902452941295,55.25339983356947,146.0405497434201,2.30552224833136,13.870932025215627,41.90313438071685,0,2026-09-03 06:33:50
2024-01-09 05:20:00,CNC-03,H,296.3890066223737,310.5642441835453,2263.7785359313843,30.075666627552742,113.43370159431954,2.953062312118509,12.807694551328298,54.22604305677486,0,2026-09-03 06:33:50
2024-01-09 19:52:00,CNC-03,H,300.35266280014764,314.74395408448015,2270.1032853229262,30.555959854461797,175.4255279413097,3.13259539250179,13.263399561412577,48.8897972055897,0,2026-09-03 06:33:50
2024-01-09 15:47:00,CNC-01,L,26.11955881751527,40.00965817567095,1623.4062575815356,44.114417470201445,10.364616906464864,2.1546896836698117,13.435682801154394,51.80284013807145,0,2026-09-03 06:33:50
2024-01-09 22:42:00,CNC-02,M,299.91244478700287,312.47670442351716,2757.629638583675,13.772777475727734,195.2389338074877,3.7976518022985184,6.997080075836239,52.12417222693222,0,2026-09-03 06:33:50
2024-01-09 20:58:00,CNC-01,L,300.86395020032614,314.25655032147347,2518.587921672953,21.171622647572452,216.35425213193648,4.078389026836911,10.301743469107398,47.986279512041264,0,2026-09-03 06:33:50
2024-01-09 09:42:00,CNC-03,H,295.9248473146298,309.702546176701,1393.6434913704636,47.518744719328936,40.04422881521902,1.9867372548332716,12.367082701909533,59.06866782665628,0,2026-09-03 06:33:50
2024-01-09 20:03:00,CNC-02,M,300.40132723393464,313.47831703047973,2353.6574543962806,23.572916235587236,16.66397432617027,2.9298100786042514,10.343284497391268,48.830173784938495,0,2026-09-03 06:33:50
2024-01-09 04:59:00,CNC-02,M,296.85932734109764,310.6879824688137,2219.157099533792,29.580265606458013,111.9929397569496,2.8505636759867334,12.288275622334668,58.94713389935038,0,2026-09-03 06:33:50
2024-01-09 11:58:00,CNC-01,L,,311.51891356903633,1395.9093784720046,54.20300861234315,109.29875455160924,2.195262907731978,14.037923588913518,52.523836205888315,0,2026-09-03 06:33:50
2024-01-09 23:58:00,CNC-02,M,299.460295562122,311.6337948036542,2758.789251922711,14.65483118014617,260.0742869608061,3.2549607471420066,7.422544180976885,54.68712540279011,0,2026-09-03 06:33:50
2024-01-09 01:44:00,CNC-02,M,298.8177448446738,311.52514870812405,2742.636968722812,16.878947566660656,139.43418731661285,3.5645876358158093,8.527003761653075,52.85351117003145,0,2026-09-03 06:33:50
2024-01-09 10:34:00,CNC-02,M,302.3000928708742,310.5266135275969,1294.8787766536818,52.08924972709215,136.48873359940347,2.158271677856565,12.61483969032985,44.59502330356689,1,2026-09-03 06:33:50
2024-01-09 19:04:00,CNC-02,M,300.4227644666828,315.25551330583176,2054.2518434048307,32.70829844021503,198.28491599689724,3.265140369132186,12.652654433408209,47.30498657694301,0,2026-09-03 06:33:50
2024-01-09 20:30:00,CNC-03,H,300.3017046497483,313.8672582992362,2431.174205626124,24.00325166369666,220.34813112043216,3.6679734592688606,11.098010880381207,51.195817811291406,0,2026-09-03 06:33:50
2024-01-09 20:52:00,CNC-01,L,300.61217900977346,314.9823770775396,2371.325488107084,27.466732572900842,209.35665514848742,3.761868206717438,12.472371860418544,50.41873347847537,0,2026-09-03 06:33:50
2024-01-09 07:27:00,CNC-01,L,295.8685333979416,311.08559018755545,1874.9165639332355,43.03127039631999,135.99931965252068,104.10983690676592,14.934611238691897,55.260591047154385,0,2026-09-03 06:33:50
2024-01-09 04:08:00,CNC-03,H,297.35627347476697,310.4256477945064,2263.2936415494587,27.029687909150574,23.986610950429743,2.8469116539267105,11.59297225200222,55.5355873447086,0,2026-09-03 06:33:50
2024-01-09 19:10:00,CNC-03,H,300.33816452850294,314.1386576320508,2141.4301675171328,30.46548235404387,123.69203953892126,2.926563753161621,12.00831992343208,44.30946943526415,0,2026-09-03 06:33:50
2024-01-09 00:41:00,CNC-01,L,298.8407709997031,310.67600378129373,2640.721354711898,16.152322785681694,51.06945682657162,3.1370065382112795,8.040695693895211,50.86299447587006,0,2026-09-03 06:33:50
2024-01-09 14:28:00,CNC-03,H,298.5653174483043,,1520.3069913747026,49.746880822079085,220.60171842482742,2.927764958965806,14.122502980029791,52.3553468887243,0,2026-09-03 06:33:50
2024-01-09 00:55:00,CNC-01,L,298.5501592788738,310.5337556332665,2818.160714437415,15.561455237832217,65.85930912906632,3.3445661166298035,8.054636971373556,51.414316014357766,0,2026-09-03 06:33:50
2024-01-09 12:24:00,CNC-01,L,297.54928249120286,311.96972419476987,1413.1978737466047,52.53700067857035,150.4914043202122,2.498891668653367,13.996105668339627,57.43166603878029,0,2026-09-03 06:33:50
2024-01-09 07:14:00,CNC-02,M,296.3770867821275,310.835507166954,1839.026784025228,41.00753578612067,63.84822308449209,2.427888113731487,14.103200683337812,55.35050113747457,0,2026-09-03 06:33:50
2024-01-09 19:23:00,CNC-01,L,,313.9432691901154,2264.9611643366866,26.984810730013457,103.48432055275056,2.9922962211202715,11.475055723210637,51.67272914303746,0,2026-09-03 06:33:50
2024-01-09 12:30:00,CNC-02,M,297.40302554156386,311.4479584059117,1491.265369980858,47.37394838750217,71.33616027158594,2.237955572366655,13.155801274764167,53.276511576738756,0,2026-09-03 06:33:50
2024-01-09 11:14:00,CNC-01,L,296.7969361871732,310.953309983928,1364.0738210548593,51.61970957308877,39.468925834394035,1.9747521454773729,13.168913125556413,55.31998289940471,0,2026-09-03 06:33:50
2024-01-09 18:47:00,CNC-01,L,300.2880135009502,314.14729735986117,2228.514489476062,30.675066380625413,58.27086532866984,2.8555330876525957,12.678516642748864,54.68870890714678,0,2026-09-03 06:33:50
2024-01-09 08:09:00,CNC-01,L,295.96799922614827,311.05197778763267,1570.289672053388,48.71628248086094,196.96404001043143,2.9220046757215044,14.312078831471752,56.572232128686124,0,2026-09-03 06:33:50
2024-01-09 07:16:00,CNC-03,H,296.01999348442064,310.12222010675146,1939.5136432387078,37.22290603892589,40.24575186172808,2.581646037946745,13.746718506421242,60.219101215497716,0,2026-09-03 06:33:50
2024-01-09 07:59:00,CNC-01,L,295.676938376582,310.74463415669794,1762.182300815812,44.756508294931386,182.24568608164316,2.812546945377061,14.612538150318224,55.90048090624777,0,2026-09-03 06:33:50
2024-01-09 05:39:00,CNC-02,M,296.88282889660604,311.3571085617366,2013.0602822644864,34.64179796619595,163.41251308783862,2.919233661484238,13.241383509527456,63.14931820982218,0,2026-09-03 06:33:50
2024-01-09 16:27:00,CNC-03,H,299.740196734433,314.51767402384564,1671.6026347741665,46.12278734157813,137.75509729949783,2.469546473140091,14.401295451360934,55.91038599171679,0,2026-09-03 06:33:50
2024-01-09 13:48:00,CNC-02,M,298.37452496022104,313.15909135897755,1280.9399668690342,54.14335157661835,194.34228323002884,2.5816196643464338,,53.23990815105532,0,2026-09-03 06:33:50
2024-01-09 17:09:00,CNC-02,M,26.91980629237105,41.38148868959797,1856.5952242334781,39.82587171160982,46.26838199444981,2.5424126264610125,13.823180367634231,47.1024943743016,0,2026-09-03 06:33:50
2024-01-09 15:06:00,CNC-02,M,299.02886984852495,313.18283575451494,1672.5258240364647,41.41332222928604,75.62962002457266,,13.15650561200067,56.54205584471039,0,2026-09-03 06:33:50
2024-01-09 15:51:00,CNC-01,L,26.267672836548,40.16378729925361,1643.1292091790233,43.25745299841256,16.274287309637103,2.316782550740773,13.375015616548394,53.91975872775198,0,2026-09-03 06:33:50
2024-01-09 10:50:00,CNC-02,M,302.60431457435203,311.1015533916248,1570.7153628105366,46.69967077907526,161.91067023931842,2.5326843261137135,13.670358444880655,46.147555646218116,0,2026-09-03 06:33:50
2024-01-09 12:06:00,CNC-01,L,297.2742760689845,311.5386079501615,1315.618397653859,52.12336540763851,122.06967676115809,2.1295526327493417,12.791511296161177,53.695970201231646,0,2026-09-03 06:33:50
2024-01-09 06:43:00,CNC-03,H,295.95943287419567,311.2753229410948,1914.735246777646,40.960200254773575,224.25299830303712,3.267220496169411,14.661171732724812,62.78193088427792,0,2026-09-03 06:33:50
2024-01-09 20:47:51,CNC-01,L,300.30922432526125,313.82368997744027,2537.6603030117235,21.443779042060278,203.6074975389493,4.022812217248877,10.303507641888249,50.23835743926597,0,2026-09-03 06:33:50
2024-01-09 21:31:00,CNC-03,H,305.452319002318,312.1609936385577,2655.7932732781146,20.130224703621792,67.40294317138301,3.245448846080561,9.915464589401456,46.88410566596089,0,2026-09-03 06:33:50
2024-01-09 17:01:00,CNC-02,M,299.8542731868366,313.75165310212174,1888.2924805469477,35.83053862845243,35.18090075408853,2.437347179279196,12.650130030417218,53.77853288787307,0,2026-09-03 06:33:50
2024-01-09 19:39:00,CNC-02,M,300.718795281315,316.12405028975127,2306.6964188428715,32.1312824335007,241.35477443604097,3.9920131229778355,13.863935296437253,50.8079832742943,0,2026-09-03 06:33:50
2024-01-09 06:17:00,CNC-01,L,295.967494357349,309.6037767199352,1982.26984559529,32.84049188019111,38.54720024593034,2.6180038213093044,11.961228882098295,59.04153180851632,0,2026-09-03 06:33:50
2024-01-09 21:13:00,CNC-01,L,300.65302440467485,312.2226768858584,2687.7867983931656,14.680947626745473,15.66245339656538,3.291295846282323,7.437223611367477,51.09568493017145,0,2026-09-03 06:33:50
2024-01-09 09:03:00,CNC-02,M,296.34257998074315,312.59195713151996,1620.6311517885172,54.176797340230564,224.60749394104494,3.1046605332668,16.36492237913116,57.40363061233705,1,2026-09-03 06:33:50
2024-01-09 14:52:00,CNC-02,M,298.75385494677846,313.21894073970486,1624.441599865691,44.59532906927586,54.25990445412451,2.242679367994097,13.925277239768233,55.43855464247311,0,2026-09-03 06:33:50
2024-01-09 19:12:00,CNC-02,M,300.61175329550986,315.60384431705444,2248.917257995297,31.586412420709944,208.24217394394563,3.5254557413495244,13.337263738994725,53.742628109103926,0,2026-09-03 06:33:50
2024-01-09 13:52:00,CNC-02,M,298.02841390461754,313.0516646802424,1394.8819089379617,51.95873997432788,200.65962035370927,2.715409246192353,13.585729587321923,52.952959561349275,0,2026-09-03 06:33:50
2024-01-09 09:47:00,CNC-01,L,296.1325713693602,311.0210782841964,1537.0824479924872,49.58442927135719,110.1761831015326,2.3894715404645055,14.366296095118692,57.62710238380496,0,2026-09-03 06:33:50
2024-01-09 15:36:00,CNC-03,H,25.887535448142955,39.85262385279873,1582.822250754486,43.32228275761838,63.13498345608581,2.3309700523820234,12.765550336401542,60.80729248382078,0,2026-09-03 06:33:50
2024-01-09 09:49:00,CNC-03,H,296.1971717429073,310.2676622073591,1407.7336621983177,49.99596759136923,50.90633072500909,2.052843424675945,13.246243733546631,55.01240706306129,0,2026-09-03 06:33:50
2024-01-09 08:26:00,CNC-01,L,296.1076503728975,311.33714522477055,1676.8874520037643,46.18335154908206,222.21910064100692,3.481573977865926,14.617538621372733,60.743899221843954,0,2026-09-03 06:33:50
2024-01-09 05:58:00,CNC-03,H,296.0522673435787,309.7526030749339,2129.0985282054885,28.950111761389646,162.9836476095736,3.02545599733699,11.531812599342189,57.44566404373482,0,2026-09-03 06:33:50
2024-01-09 13:06:00,CNC-03,H,,311.56995623152454,1349.357556132155,49.458472510195996,92.00068424045638,2.0822534060282134,12.444592109699995,55.056797009922505,0,2026-09-03 06:33:50
2024-01-09 19:44:00,CNC-01,L,300.6549200424381,314.05465723064657,2375.3213437617947,24.82488381429486,129.06140949438176,3.2261141928729735,11.31049468438309,50.61326282227992,0,2026-09-03 06:33:50
2024-01-09 11:23:00,CNC-01,L,297.1931899771121,0.0,1455.4365376074668,50.86466180180156,53.637244280905705,2.107975569312959,13.934824459141481,57.12645687375959,0,2026-09-03 06:33:50
2024-01-09 22:49:00,CNC-01,L,300.12832659992415,312.9067044851232,2713.092164629288,18.76592619990176,,3.3371703544424025,9.53251264973017,50.74599475842641,0,2026-09-03 06:33:50
2024-01-09 00:16:00,CNC-02,M,298.7422730220182,310.82267958497556,2637.559458717575,17.168650466159484,45.41172610162633,3.231155488110448,8.454830972723398,55.97692367077683,0,2026-09-03 06:33:50
2024-01-09 05:28:00,CNC-03,H,296.4556484101488,310.23140702422944,2121.5451469211353,30.286194338409036,123.63399392093515,2.9324014286758966,12.174303363167706,55.006353236781216,0,2026-09-03 06:33:50
2024-01-09 08:57:55,CNC-03,H,295.87110885341895,310.99010402395385,1574.9691951135908,50.101057185918364,191.57209274458106,2.680037559849201,14.761403889253332,58.22419701811354,0,2026-09-03 06:33:50
2024-01-09 17:08:00,CNC-03,H,26.383614006327264,41.33628007138424,1761.2301551645687,41.99136648083004,195.48448587309093,2.8377162118846506,13.798514641486356,50.45181680042679,0,2026-09-03 06:33:50
2024-01-09 09:18:00,CNC-03,H,296.08840533015814,309.9993346625265,1547.3337391939842,48.471073809143824,3.061435757753325,2.1547520940240634,13.849489905138576,59.254361944889006,0,2026-09-03 06:33:50
2024-01-09 03:57:00,CNC-01,L,296.55732513444235,,2361.0828439906713,22.648877602278432,79.1148476382446,2.8916100539489284,10.145474988542478,61.424046817977455,0,2026-09-03 06:33:50
2024-01-09 04:06:00,CNC-03,H,296.99531286980795,310.15110929603566,2184.987261231387,,21.605650471603894,2.715613588849003,11.792938975925884,57.65316604037122,0,2026-09-03 06:33:50
2024-01-09 21:24:00,CNC-01,L,300.6264228119028,312.44866296430814,2510.183982332564,16.679945409425482,27.904791030765036,3.1125382305988967,,52.718366974277146,0,2026-09-03 06:33:50
2024-01-09 14:27:00,CNC-02,M,298.64377774284543,312.59925755620276,1425.0286188759128,49.36600938805276,15.548571700805036,1.9997998385756675,13.26713248791448,55.366961720161164,0,2026-09-03 06:33:50
2024-01-09 17:00:00,CNC-03,H,299.6669877660221,315.1542092409602,1914.5454298589243,43.03911612219582,184.40417098438803,2.926658836991561,15.493596955985849,49.81576002520383,0,2026-09-03 06:33:50
2024-01-09 12:54:00,CNC-03,H,297.69996186877694,311.2666553578874,1419.0413787054006,44.92072425884041,73.03571184642885,2.075766875939971,11.855599519237726,54.267588640261906,0,2026-09-03 06:33:50
2024-01-09 22:10:00,CNC-01,L,300.6734711167816,313.53343391856777,2635.949111903549,19.88317296235589,78.64985620411636,3.3410734698649915,9.838391778487948,51.088525206053994,0,2026-09-03 06:33:50
2024-01-09 16:18:00,CNC-03,H,26.166375450111616,41.18748673992036,1877.1729787657043,43.198751008455304,124.7129869714797,2.593108693860971,15.290077851572622,47.45034722987829,0,2026-09-03 06:33:50
2024-01-09 08:42:00,CNC-03,H,295.854905856783,310.88675580011824,1515.9868737720287,49.4385714811434,165.71286496740385,2.4928200605293096,14.041704872870126,57.46176762597966,0,2026-09-03 06:33:50
2024-01-09 12:29:00,CNC-02,M,297.4228119077201,312.05877789903093,1476.899148631717,,69.78164133740262,2.108546299035216,14.076665677529713,55.31307930603598,0,2026-09-03 06:33:50
2024-01-09 10:36:00,CNC-03,H,296.209678096248,310.30428519612906,1440.5383099651476,49.74164443055962,124.95328169083942,2.2387932286461942,13.344789147850538,54.35400051777034,0,2026-09-03 06:33:50
2024-01-09 08:29:00,CNC-01,L,296.07648522507355,310.98522917579066,1709.4850912136076,44.70202772165631,226.60510401873003,3.4649035963979573,14.455909415745854,60.61912145202929,0,2026-09-03 06:33:50
2024-01-09 13:05:00,CNC-01,L,297.9101712458961,313.3542137195289,1378.9601578772733,57.72930565474406,215.44811720583598,2.942005642718595,14.767210922193794,51.270896828797866,1,2026-09-03 06:33:50
2024-01-09 15:39:47,CNC-01,L,26.062371484832624,41.57110347108221,1718.1646470084477,46.33540525741259,224.6859616794722,3.4533690568092728,14.988690902359767,52.487221225721264,0,2026-09-03 06:33:50
2024-01-09 20:41:00,CNC-02,M,300.5011162081441,312.95968477561877,2532.0023259270083,18.541936271636892,61.03074252306211,2.965820049745229,8.902367259784576,52.95067431751619,0,2026-09-03 06:33:50
2024-01-09 15:15:00,CNC-01,L,25.74524643870609,40.831996883283864,1469.1237726745628,52.17578165591299,188.87845646778348,2.799140023325786,14.225216323994902,52.16953640901445,0,2026-09-03 06:33:50
2024-01-09 18:27:03,CNC-02,M,300.26251119266044,314.3889193210475,2124.7669710623,29.451481027563382,149.76813459860207,2.999186217641483,11.64934231325338,53.732242379018885,0,2026-09-03 06:33:50
2024-01-09 13:52:00,CNC-03,H,298.68017942820995,313.1753469941055,1451.137022903091,49.61261384193843,164.62288017789018,2.4096831881096805,13.372156150727832,54.36517604702192,0,2026-09-03 06:33:50
2024-01-09 14:53:38,CNC-02,M,298.6627947347499,312.8121708527262,1405.2251069273448,48.65064645402789,58.77757649369575,1.958297118828663,12.753894167869525,50.51622350049861,0,2026-09-03 06:33:50
2024-01-09 20:16:00,CNC-01,L,300.4020549054405,314.2732887855952,2459.407028518554,25.679584463383605,167.34963333227935,3.58703102365483,11.847290828893122,,0,2026-09-03 06:33:50
2024-01-09 09:52:00,CNC-02,M,296.3771124885629,310.6483747867018,1437.7611039228495,49.36175288737856,70.93708214989934,2.0043949848725195,13.120280577519862,58.06973915587777,0,2026-09-03 06:33:50
2024-01-09 03:19:49,CNC-03,H,297.44018292942275,311.06856532875304,2584.6901616615496,21.549454371007144,238.84704187637107,4.0453460896433695,10.350733743961383,59.212916908233495,0,2026-09-03 06:33:50
2024-01-09 12:32:00,CNC-03,H,297.26453014969013,310.8414215480014,1365.680686173678,48.03184357078081,38.11222895067547,2.069546206160492,12.520233090983398,55.63779852570764,0,2026-09-03 06:33:50
2024-01-09 17:11:00,CNC-03,H,26.496498865604735,40.98694790821929,1860.9597913648936,39.72949940368836,199.6648101382292,2.940206909281068,13.520180929011167,50.69983242140324,0,2026-09-03 06:33:50
2024-01-09 12:19:00,CNC-03,H,297.25096230273806,311.2764987264634,1527.8697988561396,45.86941005255192,17.472143808563708,2.1798541054524887,12.91208817498099,54.172595084995365,0,2026-09-03 06:33:50
2024-01-09 02:30:00,CNC-02,M,298.21556850946183,310.71732099042424,2551.7762360745096,17.515576138642214,189.887713626151,35.67350720778902,8.570767131100377,52.74450688712349,0,2026-09-03 06:33:50
2024-01-09 01:07:00,CNC-01,L,298.7507755831255,310.60193038186907,2830.7808208969122,13.234674930016858,78.79391701904592,3.3672007919319875,6.930553996126127,53.601603984651554,0,2026-09-03 06:33:50
2024-01-09 22:32:00,CNC-01,L,300.3172237147963,312.6034489077918,2619.802266675935,17.108486276398597,102.33760929357703,3.1992660075486143,8.454291584836788,52.257139414071546,0,2026-09-03 06:33:50
2024-01-09 18:22:00,CNC-01,L,300.2960086687461,313.6114990888202,2280.900203306421,27.6889424043522,26.179922824401622,2.882402292452003,11.782227244763517,48.58875512933494,0,2026-09-03 06:33:50
2024-01-09 10:10:00,CNC-02,M,296.5659231089648,310.4012509213992,1400.1255968345158,47.0119262723048,98.92986914257659,2.1515106879313612,12.440156251688183,57.47153376044017,0,2026-09-03 06:33:50
2024-01-09 11:03:00,CNC-02,M,302.3183892871488,311.51235641775094,1472.5311463936744,53.24447039876882,182.51817607336983,2.5977236789557003,14.949100027154424,44.35287872545792,0,2026-09-03 06:33:50
2024-01-09 21:54:00,CNC-03,H,305.6720423506179,313.05129214289354,2492.997330436578,25.695235821539644,93.00247630989472,3.121423095176882,12.051709333954852,46.63463010562228,0,2026-09-03 06:33:50
2024-01-09 06:11:00,CNC-02,M,296.59917405115107,311.738141704952,1997.076079352282,38.596285667455106,206.01010707520888,3.2822574439994243,14.49934531513127,55.02579138341174,0,2026-09-03 06:33:50
2024-01-09 13:48:00,CNC-03,H,298.4656667441985,312.62689661624694,1305.3471914132522,52.031570279189594,158.3646755919457,2.290323246743572,12.673235921483048,50.22071443318791,0,2026-09-03 06:33:50
2024-01-09 14:11:00,CNC-01,L,298.4092395337489,312.8606544126827,1483.0750810761745,49.567406722892116,90.85811376183811,2.2243500381247907,13.552351220539746,58.332332781227564,0,2026-09-03 06:33:50
2024-01-09 14:51:00,CNC-01,L,298.75315516583703,313.6202873357728,1525.3467875035226,50.41066744076797,152.37757982326366,2.5090293095880813,14.15001164631304,54.07082019054117,0,2026-09-03 06:33:50
2024-01-09 15:05:00,CNC-02,M,298.8974083903775,313.4360400073427,1574.8192958218838,47.570391746858654,74.13280384565465,,14.107480130602687,53.266842969761925,0,2026-09-03 06:33:50
2024-01-09 23:42:00,CNC-01,L,299.8835014287137,312.40477797096185,2627.015820634329,16.999731432349993,177.06321561866284,3.6426265430342415,8.266314005698664,54.21167055981597,0,2026-09-03 06:33:50
2024-01-09 19:07:00,CNC-03,H,300.5245150785885,314.76087026933885,2264.2655653346396,,119.89851023564731,2.9665750706403955,12.807827433581005,47.75988609141989,0,2026-09-03 06:33:50
2024-01-09 21:44:00,CNC-01,L,300.7705842610987,312.96408619385375,2637.719011564673,17.186335129817053,50.13812481296289,3.2360085967569736,8.526765229988941,46.549242332387365,0,2026-09-03 06:33:50
2024-01-09 08:50:00,CNC-03,H,295.99757624638664,311.3195340699084,1503.6513780196758,51.89267322094641,177.92130854645592,2.5593487422407994,14.843678839530057,56.078917813831325,0,2026-09-03 06:33:50
2024-01-09 05:45:00,CNC-02,M,296.90726131589594,311.88968535953654,2165.130499674556,34.03021705491275,171.26574653361894,3.07963190099244,13.74009054640855,55.720525621634245,0,2026-09-03 06:33:50
2024-01-09 17:12:00,CNC-03,H,26.742506880173494,42.108645016706305,1880.003269278453,42.42368879248128,201.0469892552312,2.953425773741412,14.901855932453971,50.9615036091576,0,2026-09-03 06:33:50
2024-01-09 16:11:00,CNC-03,H,26.333081684581146,40.935564163331776,1703.554238782475,44.89939870376342,114.47342850112919,2.3431560694609894,14.16292197035321,52.87901968845539,0,2026-09-03 06:33:50
2024-01-09 18:08:00,CNC-03,H,26.800405797372036,40.70425107658963,2011.0112146360937,34.13958899886408,44.1041887929632,2.570533180710123,12.838568089224081,54.24085417806148,0,2026-09-03 06:33:50
2024-01-09 20:49:00,CNC-03,H,300.3151792678852,313.57824054396553,2429.087665772485,24.748343122931974,19.641328916822207,3.083808080880582,10.821656411496011,54.775680416261515,0,2026-09-03 06:33:50
2024-01-09 23:24:00,CNC-03,H,299.65256877047756,312.4185435952049,2671.208556800828,17.972563821427656,190.27823330698797,35.92508875239348,8.646197461361897,52.26995931377836,0,2026-09-03 06:33:50
2024-01-09 02:04:00,CNC-02,M,298.5263419750692,310.72297739546565,2630.32323766682,15.306181406486441,161.10584650064598,3.45131027784615,7.4350658812516865,52.18038813408142,0,2026-09-03 06:33:50
2024-01-09 08:05:00,CNC-02,M,296.33293802783345,310.6884643069403,1575.5842365497747,44.33591295247457,137.24515509821526,2.425445491005125,12.96479857380547,59.14990965466146,0,2026-09-03 06:33:50
2024-01-09 10:18:00,CNC-01,L,296.5748269994735,311.7547455298325,1421.124191892736,56.34688452143174,158.59890215045058,2.3910858287377685,14.851616935746533,59.36242994481671,0,2026-09-03 06:33:50
2024-01-09 14:08:00,CNC-03,H,298.3716906333944,313.19761653635004,1507.1689896118864,50.321583458422545,189.5805332551629,2.6941980592168973,14.091987835773562,52.52106372783353,0,2026-09-03 06:33:50
2024-01-09 08:16:00,CNC-01,L,295.6798793763534,310.17594750372507,1595.1627172594522,43.47937233230137,207.22743589219257,3.0879693289591703,13.016755589008,58.768520943762866,0,2026-09-03 06:33:50
2024-01-09 10:21:00,CNC-03,H,296.5218417927558,310.59435261250786,1427.2857302698465,47.83730235639224,101.28896917273653,2.1455427727807135,12.831073688469264,56.69567350489672,0,2026-09-03 06:33:50
2024-01-09 13:27:00,CNC-03,H,297.7329553389709,311.7942531096841,1320.081051888029,50.84403583086539,,2.201824580998234,12.390380997673965,55.68691012768942,0,2026-09-03 06:33:50
2024-01-09 22:52:00,CNC-03,H,305.46891703506014,311.5070066494548,2784.554792283861,14.283435101597336,156.0648308743706,3.5589455086103214,7.470040187756613,40.17207136694932,0,2026-09-03 06:33:50
2024-01-09 23:56:59,CNC-01,L,299.63311906218047,313.3655205852195,2682.968333486803,21.596870179467334,194.07821737871424,3.9530758650927904,10.898688677432334,53.156419784125056,0,2026-09-03 06:33:50
2024-01-09 15:14:00,CNC-01,L,25.74361466956782,40.48634196018719,1391.8147164146067,53.83569757911288,187.31436987568287,2.695604102293623,14.0194687609339,50.58591988679378,0,2026-09-03 06:33:50
2024-01-09 03:17:00,CNC-02,M,297.78812888156006,311.37481918915296,2368.5447097979104,22.1227313981683,243.56973831516646,4.043655111891652,,55.27407056910356,0,2026-09-03 06:33:50
2024-01-09 05:32:00,CNC-02,M,296.82340893291047,311.1409040005177,2130.8196195939076,31.667407843053155,154.34149013923687,2.950599512276287,12.431556459005833,56.92062630893664,0,2026-09-03 06:33:50
2024-01-09 14:37:00,CNC-01,L,298.48807344807267,313.2903196344129,1513.686779267378,49.74290128386142,131.00380991136103,2.386444863361142,14.01641643498423,54.497574477526804,0,2026-09-03 06:33:50
2024-01-09 14:43:00,CNC-01,L,298.5814174834601,313.00413292408194,1401.7291724012066,51.33203719412731,140.18226211833067,2.2965190482688436,13.476380730476569,54.12442225757525,0,2026-09-03 06:33:50
2024-01-09 11:47:30,CNC-01,L,297.1785846086015,311.6549759754993,1414.6817959085158,53.66250160598532,93.39399694885019,2.2345649979684445,14.354746168377964,58.58455930233636,0,2026-09-03 06:33:50
2024-01-09 08:31:00,CNC-02,M,296.1458028214338,311.40572870343385,1693.5090680391104,46.526549443506454,176.0135418771215,2.7559612686466917,14.860687342853156,61.790223248378275,0,2026-09-03 06:33:50
2024-01-09 03:30:00,CNC-01,L,297.0593839871078,309.93428252517805,2293.477262741989,24.16381092412485,47.076623537015706,2.9528094865576704,10.35240217374992,54.68023942181052,0,2026-09-03 06:33:50
2024-01-09 16:41:00,CNC-01,L,299.81276081496515,0.0,1797.60124061776,39.383622699819476,88.31758112831653,2.4914694214561446,13.151987949522615,49.43856626859963,0,2026-09-03 06:33:50
2024-01-09 07:47:00,CNC-02,M,296.5537106223214,311.2091171723081,1909.3150869221386,38.650511869516805,110.90242479652859,2.761812959756014,13.77606755191573,57.47961771085845,0,2026-09-03 06:33:50
2024-01-09 05:47:00,CNC-01,L,301.5507206873589,310.4195596753412,2131.7320731958275,33.638022404595006,216.29609467113886,3.7089084071320193,13.716872549962206,54.889919806070466,0,2026-09-03 06:33:50
2024-01-09 07:28:00,CNC-02,M,296.0516278038989,310.4191283768446,1769.3197616441416,40.61577933634548,83.7369813506595,2.44061998959654,13.476694635618525,65.07013908518469,0,2026-09-03 06:33:50
2024-01-09 14:22:00,CNC-03,H,298.69033190662105,313.48863003679674,1474.6944508023555,48.994922729939276,211.2847754654306,2.8056266176436133,13.397454041905808,52.79691835417959,0,2026-09-03 06:33:50
2024-01-09 17:25:00,CNC-03,H,26.372215575496114,41.45826023084396,1935.8041089004512,39.66515142473888,219.09653578116536,3.295311280746955,14.380675655151165,50.62977592134316,0,2026-09-03 06:33:50
2024-01-09 03:20:00,CNC-02,M,297.6536631078133,311.68635894616546,2650.2049378801707,21.9171461246397,246.97992105602955,4.335053176876261,10.900096212327785,50.25633528938742,0,2026-09-03 06:33:50
2024-01-09 21:40:00,CNC-02,M,300.30818526266484,312.9282864311725,2524.1677989502496,17.894692867253948,127.76528702974882,3.3340546245980596,8.594241492505814,49.17217424323517,0,2026-09-03 06:33:50
2024-01-09 19:08:00,CNC-02,M,300.42511938517856,315.4632511302525,2315.6059823483242,31.87952873973694,203.2606448997943,3.505505552249245,13.579322761514812,48.29458581730733,0,2026-09-03 06:33:50
2024-01-09 18:59:00,CNC-01,L,300.200850353228,313.96824169927623,2172.563888395596,30.479105531930298,73.58932462760622,2.7723084406888705,12.648667645440653,50.81913559273255,0,2026-09-03 06:33:50
2024-01-09 17:53:00,CNC-01,L,27.306507219597393,41.5909153491063,1861.6825368303087,37.0275933475768,187.9309424574981,3.167319194955996,13.039078605643743,50.82509227500813,0,2026-09-03 06:33:50
2024-01-09 07:39:00,CNC-03,H,295.9196417824296,310.10398214069625,1786.5218016336041,40.83161932234674,72.88197877203449,2.497684348705407,13.392583440121351,55.994655766803916,0,2026-09-03 06:33:50
2024-01-09 02:03:00,CNC-02,M,298.63097838519553,311.7817593069252,2540.0234462357043,21.231622620967205,160.02581035534587,3.3168528555524235,9.87807419576226,54.96947454636391,0,2026-09-03 06:33:50
2024-01-09 17:37:00,CNC-02,M,27.052752119345826,41.19593684855187,2099.6884185163835,32.42284207679142,84.63711881092887,2.701220565708306,12.454860334043298,48.78983102831203,0,2026-09-03 06:33:50
2024-01-09 12:36:00,CNC-02,M,297.5587620577015,311.55392294643184,1364.0507227442554,49.022416827670405,80.8520947114544,2.006500025367706,12.483993081071025,59.59976618583091,0,2026-09-03 06:33:50
2024-01-09 10:56:00,CNC-01,L,296.94332220928226,310.675493570087,1365.4587326562996,50.27580957819053,11.097225338904098,2.188786402994457,12.853225837490278,57.02392884792102,0,2026-09-03 06:33:50
2024-01-09 15:04:00,CNC-01,L,298.809299661272,313.7715249334893,1621.6719442261974,46.713459476985385,172.1361219436489,27.5001110125381,14.319430740447872,53.41458428235311,0,2026-09-03 06:33:50
2024-01-09 12:34:00,CNC-01,L,297.5971252901327,312.69292061634775,1534.9893281838388,51.75222776137105,166.31419425980897,2.6061222677530322,15.215934124723683,57.23123586131777,0,2026-09-03 06:33:50
2024-01-09 17:56:00,CNC-03,H,26.716554524595438,40.642402950554185,1984.7036209238775,35.91215921010661,28.202480702299685,2.4785935569975135,13.477023096922226,53.916352956548835,0,2026-09-03 06:33:50
2024-01-09 01:17:00,CNC-02,M,298.8845946137965,311.550696772539,2609.733983623095,20.01638072896403,110.30954458881115,3.2538294722020358,9.559108725799456,51.07467577644902,0,2026-09-03 06:33:50
2024-01-09 10:20:00,CNC-01,L,296.3202431153942,310.72949189036,1378.8734824459298,49.63628517760251,161.7294343018536,2.4827433797038543,12.966837789797134,59.61927381316607,0,2026-09-03 06:33:50
2024-01-09 17:21:00,CNC-01,L,26.790357081764967,41.36033845231748,1890.5778628518094,38.69983809248746,144.44546959493738,27.352364946979378,13.675740790037421,46.04118779047802,0,2026-09-03 06:33:50
2024-01-09 04:26:00,CNC-02,M,297.2804456715625,10069.06714850998,2299.7103788002973,27.15588691046852,71.27604575450734,2.956691260480663,11.753699441007198,56.381201611180636,0,2026-09-03 06:33:50
2024-01-09 19:35:00,CNC-02,M,300.8224977944615,315.0324377334884,2210.9427367535122,27.993412702210758,236.4422596807741,3.7296687067722027,11.646992731772121,50.726512093429825,0,2026-09-03 06:33:50
2024-01-09 13:46:00,CNC-02,M,298.2134043710199,313.5018342305417,1463.1568950225626,52.94504726799489,191.182937988475,2.587966800196618,14.556011292205243,60.063410045167096,0,2026-09-03 06:33:50
2024-01-09 09:07:00,CNC-03,H,296.22210482425834,310.512687728598,1516.694197056937,43.55246705349098,203.69929473434382,2.74905638912404,12.416347594014455,59.03486214923831,0,2026-09-03 06:33:50
2024-01-09 20:43:00,CNC-03,H,299.86964293125817,312.018074332144,2441.757555055077,19.832721420863404,12.67364139485209,3.047791029332261,9.01180393531758,51.36941968792129,0,2026-09-03 06:33:50
2024-01-09 12:52:00,CNC-03,H,297.98556353582103,312.41131844806614,1501.0180143357034,48.54440841799734,69.88313549429924,2.2180795980474755,13.302729270685393,53.92748870230419,0,2026-09-03 06:33:50
2024-01-09 15:45:00,CNC-02,M,26.324477326826013,41.54325121371892,1602.0336739116456,49.72244341463319,133.95194165066061,2.47730417633735,15.168009560378817,53.392614036095615,0,2026-09-03 06:33:50
2024-01-09 11:20:00,CNC-02,M,302.76864333019734,311.3251271242351,1378.7388584958032,50.941350019249136,209.4014049459983,2.8721835670610742,13.042319486205821,49.26376030014346,1,2026-09-03 06:33:50
2024-01-09 13:51:00,CNC-03,H,298.210126063603,312.85086141876235,1502.844181184913,49.16119674247302,163.0659633208322,2.436885239510579,13.72809244190102,53.79732434738691,0,2026-09-03 06:33:50
2024-01-09 02:25:00,CNC-01,L,297.4153467620691,310.2057983489017,2643.332205109565,513.3681775646118,164.16209935065797,3.588090318021856,9.058967259419395,55.71426515016089,0,2026-09-03 06:33:50
2024-01-09 11:54:00,CNC-01,L,297.2050750227689,311.0555924896287,1294.2484470250515,51.026988739271445,102.98090562874337,2.05641464402373,12.333282470629593,59.33855162490635,0,2026-09-03 06:33:50
2024-01-09 13:25:00,CNC-02,M,298.0380008479637,312.92246346054986,1419.843049913614,51.29516351341689,158.11231315428083,2.29916882103365,13.577385656487808,53.76740980787641,0,2026-09-03 06:33:50
2024-01-09 18:41:00,CNC-01,L,300.5162873320792,314.27283009641,2142.3189643685296,30.949917150893462,50.700106494171145,2.770338777698611,12.670990261797284,55.258168409223316,0,2026-09-03 06:33:50
2024-01-09 03:11:00,CNC-03,H,297.7432823773698,311.28118122871143,2683.879143756521,19.845921997042403,227.452634205887,3.9628533872901857,9.797389704668097,54.143733530123875,0,2026-09-03 06:33:50
2024-01-09 12:16:00,CNC-02,M,297.1756194412972,311.50766663881126,1479.2034993554166,50.59382323882525,49.117612090194605,2.1971433387062653,13.736536922975825,61.70697890599638,0,2026-09-03 06:33:50
2024-01-09 22:56:00,CNC-03,H,6943.061697007744,313.13638302245056,2646.6074239070226,21.19398200659856,160.35521658690033,3.3418556084792397,10.65760131348601,45.03708268711956,0,2026-09-03 06:33:50
2024-01-09 13:11:00,CNC-02,M,297.73887071775573,312.171811766967,1530.0421932833835,46.288206758420394,135.9464999679344,2.281163560883529,12.883349424287234,56.17482268004951,0,2026-09-03 06:33:50
2024-01-09 12:41:00,CNC-01,L,297.58042314894226,312.2456892707562,1390.1039285029153,52.85988934705682,177.466566595092,2.549483168668096,13.777289882159325,52.44017711126882,0,2026-09-03 06:33:50
2024-01-09 12:54:00,CNC-02,M,297.6437804134298,311.9278367969341,1390.3704246233476,50.859639742298626,109.2569326008374,2.217502576859286,13.388699066139191,55.303213493150494,0,2026-09-03 06:33:50
2024-01-09 13:26:00,CNC-01,L,298.1280963069601,311.86044785834457,1434.187240544592,46.968831107480334,20.488737121624535,2.056513566641969,12.55399004818539,56.74945242497841,0,2026-09-03 06:33:50
2024-01-09 17:03:00,CNC-02,M,300.15689286416796,314.22077392636373,2058.0992309278304,33.75034931619464,37.91074419191638,2.6884547731482873,13.127342974046819,49.23193775672547,0,2026-09-03 06:33:50
2024-01-09 17:25:00,CNC-02,M,27.21454639649221,41.16017747507249,1887.7313796527944,32.33890885958663,68.30209753209172,2.4426826667556587,11.327552742872385,54.53328070508929,0,2026-09-03 06:33:50
2024-01-09 05:27:00,CNC-01,L,301.6932687018461,309.92976395518974,2288.7988716289037,29.66880126981595,190.45898376412467,3.6013530825737377,12.706423085784174,44.56271260606995,0,2026-09-03 06:33:50
2024-01-09 17:27:00,CNC-03,H,26.376024442233074,42.30351899279623,1769.6333725160473,49.64882075825096,221.91827426404438,3.1324581701168315,16.280065622610874,54.13527931341006,1,2026-09-03 06:33:50
2024-01-09 01:38:00,CNC-01,L,298.0668911018014,310.923149248394,2693.9747605983976,19.40598915299974,112.63466852134657,3.460619276495151,9.850599489706854,59.008734576801295,0,2026-09-03 06:33:50
2024-01-09 15:54:00,CNC-02,M,26.391706562131276,41.48879960971499,1778.0941605178436,44.007451471309565,147.25279033320638,2.642271134108968,14.526547425048879,51.57780552063679,0,2026-09-03 06:33:50
2024-01-09 14:48:00,CNC-03,H,298.4991139933528,313.69735069099187,1542.3804480603958,49.425595915132,251.26827158422807,3.110359856707849,13.98975284097866,55.85334511532933,0,2026-09-03 06:33:50
2024-01-09 19:34:00,CNC-03,H,300.4684469055249,313.84747757494597,2279.0936787279393,24.201847594092072,153.5387686218081,3.0692727695162163,10.010149782146344,54.24910574994912,0,2026-09-03 06:33:50
2024-01-09 02:53:00,CNC-02,M,297.5794694707492,311.4482335347075,2341.495420758081,25.571592031551127,215.97441407782992,3.650323626916822,11.287509076692352,59.07414594315963,0,2026-09-03 06:33:50
2024-01-09 09:05:00,CNC-01,L,296.02323265091735,310.3676346374067,1610.5649978955223,46.58790696000016,45.67672016225023,2.3577600660924545,13.858946742115501,55.43976949267071,0,2026-09-03 06:33:50
2024-01-09 18:25:41,CNC-02,M,300.5800015335033,315.26839888005253,2104.692499504179,34.00793498338439,148.4911574229031,2.8908001148010496,13.466697030672728,47.55303775132094,0,2026-09-03 06:33:50
2024-01-09 09:04:00,CNC-01,L,,310.09903456521977,1555.8558593571074,46.178838366910554,44.175899371355776,2.2291443240690394,13.486206135320153,56.53848259237149,0,2026-09-03 06:33:50
2024-01-09 00:27:00,CNC-03,H,298.89848507422636,310.16366741603946,2763.947914004536,12.786027810093413,48.02822947449514,3.218187870372817,6.5132200762167916,53.76236165584656,0,2026-09-03 06:33:50
2024-01-09 08:03:00,CNC-01,L,295.98877487920396,310.83720474737845,1673.6621515486245,45.98666987459507,188.06570968273002,3.023194939446718,14.476810479032164,58.52623601266477,0,2026-09-03 06:33:50
2024-01-09 20:13:00,CNC-01,L,300.6115190820243,314.38418896876215,2330.5441971686823,26.551268094859953,163.82684860868542,3.212393738868386,11.753813178416173,48.20158006777854,0,2026-09-03 06:33:50
2024-01-09 11:41:00,CNC-02,M,302.6644429171891,312.1379948819809,1413.26872161816,53.77329856259456,242.58111099247844,3.105168271205072,14.294349260088897,44.12611452862626,1,2026-09-03 06:33:50
2024-01-09 11:39:00,CNC-02,M,302.78400098347726,312.0758318931445,1367.7653242658412,55.554956778286545,239.4472464692212,3.0928638227748175,13.965170443160675,48.307339338072126,1,2026-09-03 06:33:50
2024-01-09 03:55:00,CNC-01,L,296.6519478819809,308.98357972746226,2386.2726923917758,20.112147455955675,76.74884583951358,2.918927331220767,,53.028780314586676,0,2026-09-03 06:33:50
2024-01-09 13:19:00,CNC-03,H,297.93578819480706,312.0538385446184,1380.8231873015086,50.075724924769474,112.56476857377531,2.105489524734717,12.864113091397368,54.1563264817901,0,2026-09-03 06:33:50
2024-01-09 10:42:00,CNC-02,M,302.4750725326965,310.7339012450802,1480.3571036393341,47.88447453583936,149.21298762320038,2.4059722489295883,13.222354993408839,47.66304449130221,0,2026-09-03 06:33:50
2024-01-09 16:23:00,CNC-03,H,299.4544633751244,313.4232496928355,1783.8237466516582,37.54051200831709,131.94009306215972,2.5106863099990426,12.677967095507471,50.826971522970624,0,2026-09-03 06:33:50
2024-01-09 15:35:00,CNC-01,L,25.79271022175942,41.36792186043607,1668.4521770197885,49.34319795186615,218.80023212556762,3.2865030940405227,15.321654237096187,53.592193007421564,0,2026-09-03 06:33:50
2024-01-09 16:29:00,CNC-03,H,299.8725403478578,314.4664815278439,1718.5123273199504,42.6072294848638,140.5893910066623,2.455731047227066,13.959842952399761,50.7375357405684,0,2026-09-03 06:33:50
2024-01-09 06:26:00,CNC-01,L,295.91214533672604,310.0375939412454,2074.576253377437,36.40514418642077,50.687838853202074,2.6451597858448093,14.14169014541723,57.35849557740102,0,2026-09-03 06:33:50
2024-01-09 23:42:00,CNC-03,H,299.9062909162689,312.44645898792055,2715.434795540519,16.622910402476915,209.44004635552756,,8.286637152855446,48.7688771768061,0,2026-09-03 06:33:50
2024-01-09 04:53:00,CNC-01,L,296.0956744673637,309.8585868951901,2232.47770369264,28.455475547828527,147.27945687831007,3.1454419020037654,11.78447321906764,57.1879879069133,0,2026-09-03 06:33:50
2024-01-09 17:34:00,CNC-02,M,27.089151909846123,40.89625423939225,2049.0872270408076,30.988589721406075,80.61986268234362,2.679340585232003,11.693694045446186,50.51689941660019,0,2026-09-03 06:33:50
2024-01-09 03:59:00,CNC-01,L,296.8128700910755,308.82916184388876,2368.2432415056264,18.221470039636095,81.53251714279575,3.0427611820554126,8.079822252984181,57.847730128226544,0,2026-09-03 06:33:50
2024-01-09 03:32:00,CNC-01,L,297.14287299888497,308.9178280837029,2434.4374996338006,17.060715905850515,49.41575444307054,3.0597237347725414,7.903762969898766,53.41581129734953,0,2026-09-03 06:33:50
2024-01-09 03:44:00,CNC-03,H,297.34918932818454,311.4226258799867,2557.9313904478527,23.693999551242356,265.2903819609462,4.289469639079656,11.447903355694606,57.11927181843232,0,2026-09-03 06:33:50
2024-01-09 23:53:00,CNC-02,M,299.6564749494552,311.2207489847136,2805.7909079553474,12.92809674550243,14.899243217146905,3.2880935218426255,6.5627346631787,49.958909303756926,0,2026-09-03 06:33:50
2024-01-09 21:47:00,CNC-03,H,305.472370577861,311.78824837606646,2598.0337033985697,17.846914139118432,85.21335719261853,3.0883998727260398,8.697970924221705,,0,2026-09-03 06:33:50
2024-01-09 19:58:39,CNC-03,H,300.604488218365,315.27837141108984,2319.1990754270632,31.945478340756786,185.02822899777644,3.168329093242744,14.222351102009837,50.816289036699274,0,2026-09-03 06:33:50
2024-01-09 00:30:00,CNC-02,M,298.9423606222245,310.19499733407025,2735.0171200379477,12.329631708567304,60.19554803662688,3.2950973741203478,6.569084631287482,51.596812793828526,0,2026-09-03 06:33:50
2024-01-09 22:11:00,CNC-03,H,305.6551608470484,312.4903003015532,2608.5197368045046,19.341220318850567,111.84108259969298,3.2872383948912245,9.457223240677,39.44961919304291,0,2026-09-03 06:33:50
2024-01-09 00:23:00,CNC-01,L,298.7512798602603,311.26136152913654,2616.9667533766897,19.149570768574957,31.72013367714897,3.1418379352467243,9.24084260456329,57.22322056609001,0,2026-09-03 06:33:50
2024-01-09 12:43:00,CNC-01,L,298.03479758626906,313.1200196019472,1512.798148280658,51.078085707503206,180.62029145685383,2.8539305541775897,14.200427197895822,55.03558973679977,0,2026-09-03 06:33:50
2024-01-09 07:38:00,CNC-02,M,296.41996987833755,311.85313512342367,1887.369573183292,44.135876153530035,98.0244318479766,2.5521253332438305,15.84864923046319,58.853288131198724,0,2026-09-03 06:33:50
2024-01-09 02:39:00,CNC-03,H,297.6124745003776,310.94878436533867,2566.905957189498,20.047711425474724,191.1049398826486,3.5855210195432825,9.995999294676178,54.65225112849343,0,2026-09-03 06:33:50
2024-01-09 03:34:26,CNC-03,H,297.5543198793543,311.7927551100108,2513.2142236718646,25.27302638817613,252.64648506741904,4.147480035648598,11.90755692118757,55.37826381068648,0,2026-09-03 06:33:50
2024-01-09 12:47:00,CNC-03,H,297.87154267665574,311.37888425828845,1364.1398787969674,47.39406636958433,61.972033647128214,2.1165953897489262,12.143501668487088,50.35254166226223,0,2026-09-03 06:33:50
2024-01-09 12:28:00,CNC-03,H,297.2780683705199,311.32082655135326,1421.2941592549855,50.222987451952015,31.77991683521284,2.040207098074078,13.556658302521907,55.91596527972146,0,2026-09-03 06:33:50
2024-01-09 05:24:00,CNC-03,H,296.4060419809054,310.4840423475116,1910.4645134433595,35.62141870049444,118.48268053388274,2.54611815967841,12.422958194241902,58.80280821534909,0,2026-09-03 06:33:50
2024-01-09 14:28:00,CNC-02,M,298.5644315014227,312.6503117763709,1367.0889884578332,53.397160468059354,17.1347174209184,2.0712486195902775,13.682941274765213,52.68417410675503,0,2026-09-03 06:33:50
2024-01-09 17:51:00,CNC-02,M,27.256862813897897,41.40906088570915,1978.2790887283231,33.90789877972967,103.59318548442566,2.675892145412552,12.466344434044247,47.57555272431532,0,2026-09-03 06:33:50
2024-01-09 06:44:00,CNC-01,L,295.6823769172627,309.42965484769906,1955.8222278960004,35.217491339358475,75.4540638096163,2.6004139568692097,13.027776376754945,58.30318410914055,0,2026-09-03 06:33:50
2024-01-09 10:22:00,CNC-02,M,302.47215069369463,311.0366395205713,1441.437801772218,49.31104786727583,117.71803348483921,2.26145218540641,13.270337887002837,44.0343152993273,0,2026-09-03 06:33:50
2024-01-09 00:21:00,CNC-03,H,298.7625820941598,310.26861728773724,2680.953831000238,14.38984154762868,41.68132751241758,3.281429900189409,7.31231035518531,51.03990297768356,0,2026-09-03 06:33:50
2024-01-09 09:43:00,CNC-02,M,296.45080481889175,310.24016821949283,1442.3225253990556,46.21593495008679,56.97379482073699,2.0978807118650793,12.545151549641123,52.85644235360952,0,2026-09-03 06:33:50
2024-01-09 01:58:00,CNC-03,H,298.3192883260752,311.25231583254214,2547.150157435942,20.0400862016986,145.57792983360926,3.2696993577676974,9.42134211918253,53.49016062191239,0,2026-09-03 06:33:50
2024-01-09 11:42:00,CNC-03,H,296.8380246468257,312.2397405324654,1385.6016130914084,56.80065828522152,229.26562080190496,2.8388519050036947,14.828081791889428,54.855284006653136,1,2026-09-03 06:33:50
2024-01-09 09:04:00,CNC-02,M,296.23772010422334,311.3926681335713,1517.5787265683011,49.62299002159923,226.13638856946903,3.091574538237564,14.132341308189787,59.184073143108314,0,2026-09-03 06:33:50
2024-01-09 08:17:00,CNC-02,M,296.4326024220539,311.032782311842,1669.2605169926094,44.40698173855782,154.98948397056603,2.6040749275861934,13.96070351177177,53.75632352418644,0,2026-09-03 06:33:50
2024-01-09 05:37:00,CNC-03,H,295.9743264639344,310.5114740949868,2107.729863142452,34.866482237684274,135.32877172488583,2.7903351544167228,13.689232453971188,58.29938592110031,0,2026-09-03 06:33:50
2024-01-09 18:37:00,CNC-01,L,300.591012003199,314.2972254088846,2146.906533202002,31.144964446550475,45.634676764574714,2.7372514975724664,12.776818154411414,55.00454885259456,0,2026-09-03 06:33:50
2024-01-09 12:06:00,CNC-02,M,302.86581715854476,310.845596853166,1360.0100022344607,50.38876328878532,33.31786688284735,1.8821301573138256,12.76209535950991,38.82683346880869,1,2026-09-03 06:33:50
2024-01-09 10:29:00,CNC-01,L,296.42537519715995,311.2426796525286,1491.0370536770079,49.748992738680556,175.8075431427064,2.69185122922597,14.084507848729533,61.76671720549228,0,2026-09-03 06:33:50
2024-01-09 22:35:00,CNC-02,M,299.951385736721,312.6097880015643,2561.8251836643462,15.953418956237517,187.74669922359942,3.687840963563174,7.616873058061543,50.82038601306594,0,2026-09-03 06:33:50
2024-01-09 21:43:00,CNC-03,H,305.3781398921794,311.6206305214189,2456.8503414133393,18.740337510806658,80.78901028526509,3.154313462069007,8.587269621976233,42.863648822948335,0,2026-09-03 06:33:50
2024-01-09 04:15:00,CNC-03,H,297.10375685332355,309.2674754073423,2304.3984648899113,20.812101045541155,32.46897963562661,2.7942529160024785,8.976227297936013,56.79559919393869,0,2026-09-03 06:33:50
2024-01-09 05:35:00,CNC-01,L,301.6931703795374,309.32163016373937,2152.524392875115,27.54914983706208,200.71237254776307,3.6732580554695713,11.139144905723976,46.070880456602424,0,2026-09-03 06:33:50
2024-01-09 04:09:00,CNC-02,M,297.4879997307685,311.01316268799445,2364.5665005235696,26.137826905498294,50.78095326025501,2.9360696006250735,11.59736310725637,53.815417068947994,0,2026-09-03 06:33:50
2024-01-09 02:21:00,CNC-01,L,297.47628912064107,310.7290560167072,2566.9301056288114,21.475229633806027,159.67711977850414,3.5535628323888275,10.330429620134295,59.91222862769038,0,2026-09-03 06:33:50
2024-01-09 00:53:00,CNC-02,M,298.9422633600736,311.666590841594,2574.767233956253,19.982754534420046,84.41374976733631,3.1476120843597792,9.801374099849467,57.01184591854048,0,2026-09-03 06:33:50
2024-01-09 04:26:00,CNC-03,H,296.5131084745881,309.2890484537551,2344.8041036268055,23.15995331805855,45.76572279532762,2.8920686577018175,10.041011898784841,55.24952269762644,0,2026-09-03 06:33:50
2024-01-09 02:46:00,CNC-03,H,297.78203005468635,311.5914626375398,2596.4161413281563,22.952484388788246,198.98990038918808,3.660633720696535,11.110424848049993,55.19438300490317,0,2026-09-03 06:33:50
2024-01-09 05:42:00,CNC-03,H,296.2320888482601,309.8663877178961,2022.5883885518124,30.890755310846515,141.77581825218695,2.767840872473751,11.684777376928293,53.51431027484713,0,2026-09-03 06:33:50
2024-01-09 12:02:00,CNC-02,M,302.72714476404593,310.8394291070247,1473.0744230492978,47.00350837586248,27.000428075066743,2.1256580338926887,13.03980986175145,46.53816386878376,0,2026-09-03 06:33:50
2024-01-09 08:06:00,CNC-01,L,295.94212140777034,311.0610965516921,1622.282780485872,49.67546506114398,192.46575603618984,2.9041283700043925,15.111201280185686,58.985431782097365,0,2026-09-03 06:33:50
2024-01-09 21:29:00,CNC-01,L,300.76565976296945,312.7088992914806,2428.9275023738555,18.693457987754293,33.50312374224368,2.9958132972319373,8.348187441094685,52.43542755686836,0,2026-09-03 06:33:50
2024-01-09 21:48:00,CNC-01,L,300.64278875836834,313.0692303511234,2584.7901878409775,19.658131152808583,54.54550198766631,3.122661995531043,9.119579764897583,56.688221222054075,0,2026-09-03 06:33:50
2024-01-09 03:37:00,CNC-02,M,297.5759208607531,309.36146896628776,2375.6166733247032,18.084519501813702,12.741842978666812,2.875345147236498,7.9918166917921365,55.00343148181232,0,2026-09-03 06:33:50
2024-01-09 08:52:00,CNC-01,L,296.12659430231787,310.00881296126437,1669.74153855891,42.21709146681284,25.80396808603781,2.311051061298122,13.147302520757492,56.78193235967975,0,2026-09-03 06:33:50
2024-01-09 21:10:00,CNC-03,H,299.9577452824512,312.0112682565417,2619.4317786935458,17.475290114720924,43.66620578319317,3.141930008901216,8.500748033952277,52.521427459112786,0,2026-09-03 06:33:50
2024-01-09 21:14:00,CNC-03,H,299.98753022084975,311.50303072656743,2611.1766281011464,15.034400108883883,48.21703639451627,3.183463590378184,7.181985807862415,48.7734760696146,0,2026-09-03 06:33:50
2024-01-09 08:52:00,CNC-02,M,296.06128384047366,311.59958338185714,1607.729951201625,49.620784263051675,207.89075459271402,2.9025965479952407,15.048926053490879,54.160501364091154,0,2026-09-03 06:33:50
2024-01-09 06:34:00,CNC-02,M,296.7997388218034,310.1946826281202,1975.8242966517928,33.0798693665866,8.201668845572652,2.5224359496509527,12.17823594010844,59.08084543505417,0,2026-09-03 06:33:50
2024-01-09 12:35:00,CNC-03,H,297.33824987979835,311.3133680877973,1263.893785573399,55.73233346903762,42.90039451744319,1.922360171213085,13.437907472373986,54.4992127360672,0,2026-09-03 06:33:50
2024-01-09 12:42:00,CNC-02,M,297.46792812167354,311.55608845050784,1426.5035903367177,48.13945454170679,90.23983624258068,2.1348498875163067,12.755779992076087,55.1272384504977,0,2026-09-03 06:33:50
2024-01-09 07:12:00,CNC-02,M,296.21074835577735,310.23042491053263,1866.6165108969096,38.130810758005644,61.06660992967766,2.4944758038903947,13.21452939971746,57.37016321440206,0,2026-09-03 06:33:50
2024-01-09 19:40:00,CNC-02,M,300.5032796531304,315.4486324674859,2301.5817426416224,30.198464775347684,242.57748388942548,4.038463873182556,13.260785715580132,51.04061673919111,0,2026-09-03 06:33:50
2024-01-09 22:42:00,CNC-03,H,305.307594829718,311.05396583881674,2663.908465594786,14.37832434811115,145.42427399367048,3.386677855279346,7.149642337829648,40.9819461130355,0,2026-09-03 06:33:50
2024-01-09 04:38:48,CNC-01,L,296.44814729614393,309.1862792264942,2438.539466496502,20.83662235766352,130.0196588045456,3.1095326449145313,9.463535327733878,59.633972059003284,0,2026-09-03 06:33:50
2024-01-09 08:36:00,CNC-01,L,296.02669653973334,309.20964149635347,1502.6424304335653,42.176236191568115,1.5004696979504253,2.14519693725888,11.663130634727057,59.91616749267292,0,2026-09-03 06:33:50
2024-01-09 06:12:00,CNC-01,L,296.159902659411,310.50556110888147,2008.2242098238037,36.54890045802106,31.79547161366769,2.5827047940734547,13.57931642036181,58.29370913402663,0,2026-09-03 06:33:50
2024-01-09 20:20:00,CNC-01,L,300.3839816842688,313.99128919537446,2482.871227361206,23.35667926995297,172.01859394979618,3.4381076491552376,10.97488802153561,52.868194843535186,0,2026-09-03 06:33:50
2024-01-09 19:17:00,CNC-03,H,300.5458866580759,314.2564809174563,2309.8114945236703,27.454418374863472,132.48674798792555,2.930581231141814,11.80827334604527,50.625723578109785,0,2026-09-03 06:33:50
2024-01-09 08:15:00,CNC-02,M,296.0024718703014,311.03956494463324,1655.3622578583584,46.30943803091176,152.07793457209286,2.5531779044381095,14.600625870090509,60.74327155371068,0,2026-09-03 06:33:50
2024-01-09 03:47:00,CNC-01,L,296.9919409306653,309.9733254270197,2342.64212159356,23.315229702586528,67.16798107555508,2.8765631473662903,10.2046136658817,58.43212153203523,0,2026-09-03 06:33:50
2024-01-09 16:00:00,CNC-03,H,26.095317952961068,40.29690601389569,1856.391549072566,38.64403483966,98.44153110542848,2.530471630752814,13.739733050426715,53.592364366944665,0,2026-09-03 06:33:50
2024-01-09 06:20:00,CNC-02,M,296.7122725755029,311.5212737112513,1959.3041224424303,37.13292765528424,218.07281212513755,3.428142088954559,13.618667266545812,52.1552714714513,0,2026-09-03 06:33:50
2024-01-09 22:20:00,CNC-03,H,305.6835906596971,311.5188056241146,2694.355380543095,14.643863553837718,121.53758209802085,3.440023215910119,,40.009893090997984,0,2026-09-03 06:33:50
2024-01-09 16:31:11,CNC-01,L,299.71949919868456,313.9315604553622,1753.6232158762473,41.15459649187265,72.69974663597738,2.4921784981959783,13.598340412850519,52.11435521053428,0,2026-09-03 06:33:50
2024-01-09 22:51:00,CNC-01,L,300.13346437071067,313.17818342150684,2464.822257570328,21.86343786207465,122.90916417716744,3.181517443898405,9.846220415553164,46.69255310133846,0,2026-09-03 06:33:50
2024-01-09 16:45:00,CNC-01,L,299.995233266547,313.96501414442895,1718.9913451994673,40.5306440556154,94.10094074089605,2.3416414782852697,13.318344373149825,50.51847049757228,0,2026-09-03 06:33:50
2024-01-09 15:51:00,CNC-03,H,26.156395361502632,40.52791753827307,1646.2275436172379,45.70724064267278,85.39239018701105,2.3178925007591964,13.995174812278833,52.09732881992723,0,2026-09-03 06:33:50
2024-01-09 13:02:00,CNC-03,H,297.6673192719478,311.857442245574,1381.6076913875759,52.05305519683626,,2.105469897350581,13.45350388246855,56.886902029964105,0,2026-09-03 06:33:50
2024-01-09 06:26:00,CNC-03,H,295.851108657009,310.7837147199336,1923.317090776649,38.96045382883181,200.86114720251746,3.07922946142196,14.054841296149478,59.30654428316786,0,2026-09-03 06:33:50
2024-01-09 16:30:00,CNC-03,H,299.6572022384452,313.8281708063383,1953.4061962204928,35.97513024666768,141.9379102252913,2.693565756298951,13.245728216493672,52.1634556405086,0,2026-09-03 06:33:50
2024-01-09 05:38:00,CNC-01,L,301.56960571830945,310.1551835727873,1998.9397957988035,34.50833283012912,204.59200154336014,3.4331280508075834,12.967363412948167,,0,2026-09-03 06:33:50
2024-01-09 08:15:00,CNC-01,L,296.1403722002122,,1638.8517481566469,50.47654253725623,205.73980736340374,3.0493097055187044,15.449383227365512,60.85938409846477,0,2026-09-03 06:33:50
2024-01-09 11:40:00,CNC-03,H,297.0224559061998,311.88537843866965,1522.7321135258035,47.84537917478398,226.09517974179113,3.0288340966068366,13.875802305658146,59.334631050455606,0,2026-09-03 06:33:50
2024-01-09 04:13:00,CNC-03,H,296.9901864650711,310.58437109984834,2279.3975779145508,28.766968997023557,30.065621663551042,2.8729726152654624,12.420813121030807,56.98012021747996,0,2026-09-03 06:33:50
2024-01-09 18:55:00,CNC-02,M,300.6033707380415,315.5287754620083,2157.203193623205,33.90435588213382,186.91890374854674,3.168016336165683,13.682649935613854,48.33743366735387,0,2026-09-03 06:33:50
2024-01-09 01:21:00,CNC-03,H,298.58723094801456,310.985391055906,2737.3137096425153,17.58255527848292,105.4840246658292,3.3392791056971425,9.04048199162247,53.14340029752887,0,2026-09-03 06:33:50
2024-01-09 06:35:00,CNC-03,H,295.6992924359837,310.0851567048242,1897.0317784759,36.04665768948012,213.17173109938983,3.05873535384872,,57.22215475998136,0,2026-09-03 06:33:50
2024-01-09 05:50:00,CNC-03,H,296.02510927043426,310.53443937031733,1964.592196438208,36.930543016640485,152.5050513987015,2.7319829636458794,13.492808254224178,63.13698330124304,0,2026-09-03 06:33:50
2024-01-09 15:16:00,CNC-02,M,25.881411842175794,40.50336005005005,1582.06962500202,46.57025381970026,90.76882032213781,2.2248525193971154,13.80888246760489,53.50247159025867,0,2026-09-03 06:33:50
2024-01-09 00:31:00,CNC-01,L,298.9620135629255,311.0292088000301,2525.4298885685766,17.699378185938272,40.25512320101338,3.0228663279613426,8.301005488120063,54.05233936492837,0,2026-09-03 06:33:50
2024-01-09 08:08:00,CNC-01,L,295.8414605358681,311.0973183148098,1648.0558670656583,50.11914357576438,195.4516894205818,3.0481196931864107,15.411153332238252,56.42568510934403,0,2026-09-03 06:33:50
2024-01-09 05:12:00,CNC-03,H,296.5756904375691,310.3010610921535,2235.4836314719782,29.159521274068727,103.27301493433556,2.9854238707469043,12.043871900873578,59.25603788452591,0,2026-09-03 06:33:50
2024-01-09 11:31:00,CNC-01,L,297.0408021583803,310.95062144548484,1366.1409601694031,51.6725261399533,66.38501448038866,2.0103963760787513,13.127664019778198,52.617519427729995,0,2026-09-03 06:33:50
2024-01-09 22:43:00,CNC-01,L,300.4622157428005,313.48861336383726,2579.2918633508466,20.161972914637854,114.28524864293404,3.2879250254142276,9.843776198322772,48.34944483119766,0,2026-09-03 06:33:50
2024-01-09 18:18:00,CNC-03,H,299.92685369970985,314.0273561407912,2088.9188710904914,34.4067199208479,57.189948800156216,2.69199280178484,13.374825987306922,49.60849784818451,0,2026-09-03 06:33:50
2024-01-09 22:55:00,CNC-02,M,299.8416480199705,313.542631172965,2764.080496481796,18.49026787902844,209.1878934650419,3.933986290696711,9.78266298802649,53.63656966644106,0,2026-09-03 06:33:50
2024-01-09 18:06:00,CNC-02,M,27.352148670622114,41.269063625779324,2047.980385112186,31.600462590524163,123.58574457678581,2.737635401080058,12.39157011556836,53.571073136326895,0,2026-09-03 06:33:50
2024-01-09 22:28:00,CNC-01,L,300.363103046989,311.9289300739907,2678.243054248173,12.91782480259214,98.04040358289566,3.2816899115956106,6.468278469759236,49.87699338143201,0,2026-09-03 06:33:50
2024-01-09 06:32:00,CNC-02,M,296.5809538170273,310.4716795616897,1791.8969365548319,39.803528832204755,5.463588498859476,2.40486971622952,13.525715984926867,57.272140971362525,0,2026-09-03 06:33:50
2024-01-09 12:44:00,CNC-01,L,297.86110787516657,312.7362258803898,1407.4573144493625,52.92446723278222,182.21485872801063,2.728005595341093,13.802260791001531,54.68990881914602,0,2026-09-03 06:33:50
2024-01-09 06:43:00,CNC-01,L,295.9526252358383,310.1866011424145,1966.3986284900186,35.93111202332574,74.09656570560716,2.5845672273248406,13.365232266168814,60.73087971600442,0,2026-09-03 06:33:50
2024-01-09 16:24:00,CNC-02,M,299.66818547566,314.37580420331557,1691.7649782617325,42.273054370559855,190.88545278717552,2.8533057632347365,13.184362792595891,55.12536420514957,0,2026-09-03 06:33:50
2024-01-09 08:48:00,CNC-01,L,296.07101139530585,309.8904773209799,1366.8996184022517,51.55355799524402,19.71974877058153,1.980724143709836,13.178068292853945,61.32255458261715,0,2026-09-03 06:33:50
2024-01-09 14:24:00,CNC-03,H,298.4192560509171,313.3204620448824,1416.8537378413796,52.841835360904064,214.3884061173457,,13.896962634693216,51.81201277807948,0,2026-09-03 06:33:50
2024-01-09 00:31:00,CNC-02,M,298.9933469836657,311.48903832547126,2669.747059145397,18.342843818114094,61.28117568172307,3.263877467595555,8.866482532980605,56.30743209353804,0,2026-09-03 06:33:50
2024-01-09 10:06:00,CNC-02,M,296.6258129738826,311.02043935405976,1511.6571840935333,47.55324980102063,92.7071086174106,2.1357804634629423,13.607830299098735,56.62490110308332,0,2026-09-03 06:33:50
2024-01-09 14:33:00,CNC-01,L,298.4770612756481,312.8717309977764,1525.0700184528248,45.83587935718302,124.83103632230929,,13.18747897453409,58.26951378710354,0,2026-09-03 06:33:50
2024-01-09 16:12:00,CNC-02,M,26.107017069758058,41.28226543378037,1724.3348174773691,44.638174171425646,173.4323924061147,2.752074149989859,14.595080916266506,,0,2026-09-03 06:33:50
2024-01-09 06:38:00,CNC-03,H,296.0552322057446,311.69017349554235,1889.4133396464322,43.85512121848056,217.3920504645891,3.210474453112075,15.642793233628922,55.53126333573684,0,2026-09-03 06:33:50
2024-01-09 00:46:00,CNC-03,H,298.5053535302864,310.35226116868307,2764.860545550296,14.966115869349029,68.18981280131815,3.1595122852344386,0.0,55.34053273814978,0,2026-09-03 06:33:50
2024-01-09 21:20:00,CNC-03,H,300.1918316047908,312.0572048115881,2561.8979482617247,16.99354103407642,54.94232145493994,3.1655044930642973,8.01741172314865,48.150619738932704,0,2026-09-03 06:33:50
2024-01-09 07:12:00,CNC-01,L,295.67685696022636,309.281719470165,1840.6212445323551,33.747810732143144,114.59776361702396,2.6211843222885483,11.693015024379914,59.995207565222145,0,2026-09-03 06:33:50
2024-01-09 06:33:00,CNC-01,L,296.1112872472939,310.34325486638426,1766.0822855886609,41.405506851967715,60.303952407805454,2.385178901103503,13.871263670118296,60.200966024312635,0,2026-09-03 06:33:50
2024-01-09 02:05:00,CNC-02,M,298.4172585669093,311.52465585886443,2714.5597224047356,19.881400960673552,162.1705768759323,35.79210624218686,10.097495276871992,58.702562243364056,0,2026-09-03 06:33:50
2024-01-09 23:29:00,CNC-01,L,300.2886049906395,312.8571500718336,2677.7922028722305,17.13112946865738,163.37255321556037,3.676657073323267,8.0520630447683,54.50927438871452,0,2026-09-03 06:33:50
2024-01-09 07:41:00,CNC-02,M,296.38664634585695,310.4062883704953,1731.017501624634,40.21817022171838,102.30268944292325,2.4698157824082747,13.179466835617353,56.360565786682486,0,2026-09-03 06:33:50
2024-01-09 07:58:00,CNC-03,H,296.1390122804708,309.9179630764879,1831.256389324697,36.83841160841785,100.47146718756144,2.515363121116173,12.662245771800135,61.88875087249028,0,2026-09-03 06:33:50
2024-01-09 13:39:00,CNC-01,L,298.3128451712828,311.70941988417684,1459.449638132292,42.95739158194692,40.91092802951853,2.096575534485665,11.762767750569589,2090.1222439866,0,2026-09-03 06:33:50
2024-01-09 01:13:00,CNC-03,H,,,2681.798335841811,18.83179401395841,97.0162753120695,3.139709360160299,9.731182177948922,52.9378749529897,0,2026-09-03 06:33:50
2024-01-09 12:53:00,CNC-01,L,297.98267538839406,312.7825298937781,1359.403157933027,54.139991316736044,196.41199191821048,2.639055263778833,13.562627275590946,56.6746570302766,0,2026-09-03 06:33:50
2024-01-09 17:43:00,CNC-01,L,27.06747362264707,42.17547698414256,1881.5775245203713,41.06765225854358,174.57166516147743,3.007830361764764,14.229199343147162,51.889375767601265,0,2026-09-03 06:33:50
2024-01-09 00:58:00,CNC-01,L,298.6824738734373,310.42069241428095,2782.7367440014646,13.91120659426532,69.10549180847387,3.3383133211816256,7.307612216436998,53.84836416427059,0,2026-09-03 06:33:50
2024-01-09 17:14:00,CNC-02,M,26.95375910563837,41.07809666075326,1749.50888937716,39.32459253232773,53.12695441139121,2.405437384570932,12.721935617535603,52.98761517911401,0,2026-09-03 06:33:50
2024-01-09 16:15:00,CNC-03,H,26.419540925441936,40.86103935173969,1628.3365747416356,45.38597116384317,120.41473075635861,2.4398248576644455,13.741056718663296,54.10831261535111,0,2026-09-03 06:33:50
2024-01-09 08:10:00,CNC-01,L,295.79158983230576,310.6564944235139,1718.9407933324887,43.31668579200541,198.41911157335224,2.9658812084061332,13.73202196063026,55.82852550267519,0,2026-09-03 06:33:50
2024-01-09 09:26:00,CNC-03,H,296.4717835720376,309.6296126025266,1408.4854785082568,44.29213936286082,15.468569304295007,1.945066621878663,11.584256135629014,57.78587250906609,0,2026-09-03 06:33:50
2024-01-09 05:55:00,CNC-01,L,295.9591260506277,309.1796333052351,2004.508940391424,32.92460350854612,9.249787513545899,2.528341545718879,12.508293797462255,56.11603427823337,0,2026-09-03 06:33:50
2024-01-09 15:54:00,CNC-01,L,26.23689525203997,39.529981825382606,1610.2971020503442,40.993069969783924,20.65826211547025,2.25670577242718,12.373533356485087,52.19552731340682,0,2026-09-03 06:33:50
2024-01-09 09:33:00,CNC-01,L,296.1016832874418,310.21039792559446,1513.1995075385075,47.38029071588468,88.40288847073876,2.1843823712825565,13.36671944425342,58.177828994608944,0,2026-09-03 06:33:50
2024-01-09 23:42:00,CNC-02,M,299.60090360061105,311.5061013684164,2701.910215759167,14.679782889439313,3.2041368129975156,3.210158402498142,7.4544437998419255,52.03998638339308,0,2026-09-03 06:33:50
2024-01-09 01:51:00,CNC-01,L,298.2891455586298,310.9385510684418,2504.9077075150194,19.922425544355534,126.77611679984847,3.225248958649817,9.291199210302192,54.74670486680575,0,2026-09-03 06:33:50
2024-01-09 19:20:00,CNC-01,L,300.4957262609669,314.2948607736471,2251.8662675215382,29.29369687214181,99.81081831244417,2.895050223425486,12.400553619888438,49.85419440797608,0,2026-09-03 06:33:50
2024-01-09 07:47:00,CNC-03,H,296.3274940724193,310.4649819119721,1515.5456469336928,45.384037002192095,84.58770179594411,2.2805104014212794,12.84892121333675,58.08780258511616,0,2026-09-03 06:33:50
2024-01-09 05:58:00,CNC-01,L,295.80936083879567,309.3306160604511,2051.4416242222546,33.318043185171604,13.247660963685052,2.604943582651342,13.067115054465363,59.481908379592646,0,2026-09-03 06:33:50
2024-01-09 16:45:00,CNC-02,M,299.89898332705405,313.6644211409019,1971.1860249471513,34.32237918582585,12.68130204244453,2.5375823336897945,12.717681765082292,50.135341286085406,0,2026-09-03 06:33:50
2024-01-09 04:39:00,CNC-03,H,296.4303108169923,309.20029206017216,2074.4226938783327,27.162059089788805,61.929135733905,2.5413988976647985,10.64241120738716,57.51474382434747,0,2026-09-03 06:33:50
2024-01-09 04:42:00,CNC-01,L,296.271131032368,309.5497976365426,2356.2587317077405,23.82511310408033,133.69518810534362,3.1685576156362485,10.37380056155188,58.31326792350351,0,2026-09-03 06:33:50
2024-01-09 15:17:00,CNC-03,H,25.702465394794388,39.86903574827397,1559.573710433947,46.75570740593496,34.82299801514838,2.1340320220218962,13.62104473606566,53.375043935128694,0,2026-09-03 06:33:50
2024-01-09 23:28:01,CNC-02,M,299.83076574370386,313.73666684483675,2552.873927761041,21.779647478260458,245.66427828633235,4.212863391928271,10.440384886919553,50.99134693485625,0,2026-09-03 06:33:50
2024-01-09 11:06:45,CNC-01,L,296.7445569967601,309.8608044217794,1433.7112687691028,42.987301648800745,26.799358416587346,2.079147178692566,11.621145536333886,56.96315986368221,0,2026-09-03 06:33:50
2024-01-09 01:36:00,CNC-03,H,298.2292053289882,310.8977828320312,2635.8317836287497,17.765773704259374,121.5925092271711,3.2645005083218255,8.856313956814166,54.411847939847846,0,2026-09-03 06:33:50
2024-01-09 06:27:00,CNC-02,M,296.65925255105395,311.62460154213875,2024.7570906898177,36.88055456190316,227.63642996485316,3.5123788707177925,14.118947949833588,58.076827336998846,0,2026-09-03 06:33:50
2024-01-09 23:41:00,CNC-02,M,299.58468548882297,311.7400220341609,2583.9602647413085,17.53373820988276,2.134510836756254,3.2262436318160637,8.427885187201843,50.84205526005902,0,2026-09-03 06:33:50
2024-01-09 09:50:00,CNC-02,M,296.3901526130792,310.51987147527177,1344.5669521841667,52.66683320532919,67.77192446806013,2.0606147372473353,13.037148607067154,58.327575759907155,0,2026-09-03 06:33:50
2024-01-09 13:17:00,CNC-01,L,298.2520800670639,312.21136884185756,1569.937003906689,44.44399618158824,6.2693846568237195,2.192844108897343,13.068106237046461,57.70748014798037,0,2026-09-03 06:33:50
2024-01-09 11:23:00,CNC-02,M,302.86732489006465,311.58565935509716,1292.844082555373,54.97859256506614,214.1862017085048,2.635815051409008,13.311240608085551,47.15152390786687,1,2026-09-03 06:33:50
2024-01-09 09:40:00,CNC-01,L,295.93480829742174,310.04474048834186,1444.6377598128618,49.24187596227089,99.20505631836475,2.187858120145672,13.290552619579705,57.44727878409233,0,2026-09-03 06:33:50
2024-01-09 10:51:00,CNC-01,L,296.67793330258525,310.4035954237141,1352.6709427972708,51.01467447839452,3.181653661533118,2.0345386174468354,13.0020668535549,57.990922123441386,0,2026-09-03 06:33:50
2024-01-09 00:06:00,CNC-01,L,298.874250035684,310.64454244171776,2713.7029131569793,15.828207517935327,13.682146352311946,3.2657336137010717,8.258477847665604,53.998503188016414,0,2026-09-03 06:33:50
2024-01-09 20:10:00,CNC-02,M,300.54977159255213,313.32146345365896,2607.940190235555,19.191720888744786,24.84442977571866,3.1846150418560804,9.433012748015932,51.30508767316209,0,2026-09-03 06:33:50
2024-01-09 13:38:00,CNC-02,M,297.90405896595536,,1435.8195062998805,50.61634656957392,178.55385089154976,2.4574819330707856,13.948841761672403,54.64655971641712,0,2026-09-03 06:33:50
2024-01-09 03:26:00,CNC-03,H,297.46048285750567,311.06713409415244,2411.6825665516785,21.651818245459417,244.6533830712293,3.972488857294847,9.640296702297462,52.86465314979854,0,2026-09-03 06:33:50
2024-01-09 02:27:00,CNC-02,M,298.0112297777355,310.57947217053083,2516.5523291686914,17.844685461273897,186.58173272927934,3.540039435044169,8.178520724713177,54.1686505367275,0,2026-09-03 06:33:50
2024-01-09 17:31:00,CNC-01,L,26.802520481347926,41.334701096123524,2113.6527813092184,33.675588352398925,158.1765391207364,3.1013799918611875,13.232619587204614,53.14670540011573,0,2026-09-03 06:33:50
2024-01-09 03:21:00,CNC-02,M,297.8434688287509,312.15295721478304,2449.993835422091,27.256398464520196,248.1546773908685,4.359796321309995,12.385558175450397,59.69259808144859,0,2026-09-03 06:33:50
2024-01-09 18:21:00,CNC-02,M,300.4008105792619,314.95348033288025,2163.208348748998,31.88906693820919,143.34352786477044,2.8832937651586636,12.967563823704632,49.2205903270909,0,2026-09-03 06:33:50
2024-01-09 21:00:00,CNC-02,M,300.5556629229468,313.80003659734047,2540.6789816289192,21.504884779191578,82.60696122757388,3.209988228203939,10.338713778722084,47.45471728189096,0,2026-09-03 06:33:50
2024-01-09 02:08:00,CNC-01,L,297.54186560487005,311.4850522652804,2563.66683120824,25.140328529485483,145.24905957604696,3.4046964977542795,12.038468805645197,55.460164410299754,0,2026-09-03 06:33:50
2024-01-09 17:49:47,CNC-02,M,27.257425048575953,41.80829882337264,1870.0661287758276,39.92386356109167,100.88137418854087,2.644503554750412,14.118487161101847,54.34001175438932,0,2026-09-03 06:33:50
2024-01-09 10:37:00,CNC-01,L,296.75280631660115,311.0407872345409,1365.4551502613447,50.53328024207485,188.50471278465443,27.232528957964288,12.967891686922487,54.849475471462064,0,2026-09-03 06:33:50
2024-01-09 19:01:00,CNC-02,M,300.60733600419553,315.4988875490199,1995.8928838826146,35.61567976230369,194.51616952762666,3.164413433507308,13.058094597557732,51.3245130256039,0,2026-09-03 06:33:50
2024-01-09 09:32:00,CNC-01,L,296.0947602175554,310.58467189341616,1402.9168000196628,52.37545324601708,86.83384654417043,2.1681178744578364,13.622853371291015,55.107099408744496,0,2026-09-03 06:33:50
2024-01-09 16:07:00,CNC-03,H,26.327789408150807,40.26734084826768,1675.1527201596502,41.00004060151593,108.74211841666646,,13.053199969736294,53.359762268822315,0,2026-09-03 06:33:50
2024-01-09 07:46:00,CNC-01,L,295.8861432227249,310.31284627909855,1895.6285777770213,37.63989377190581,163.30419327300172,3.0200786401596282,13.130903622706294,53.95887696113175,0,2026-09-03 06:33:50
2024-01-09 17:29:00,CNC-02,M,26.788731402807286,40.2412836981141,1974.755707937865,30.678203483346167,73.79653746745115,2.613682482232684,11.238966861927162,51.94185459245122,0,2026-09-03 06:33:50
2024-01-09 10:51:00,CNC-02,M,302.0366233669521,311.230166536699,1438.9573588584974,51.99306623551008,163.48320677596948,2.434929838907903,14.187433614267642,50.38157857113181,0,2026-09-03 06:33:50
2024-01-09 04:50:00,CNC-01,L,296.3049984723458,310.88239491515026,2167.9525689977168,33.0131996125816,143.59196669192968,3.04772818955396,13.386923596246167,,0,2026-09-03 06:33:50
2024-01-09 13:19:00,CNC-02,M,298.0483332860306,313.20359920587157,1418.5966047661157,54.55169650335778,148.64213285091148,2.2093683992618884,14.09731765141925,53.90948408920208,0,2026-09-03 06:33:50
2024-01-09 14:49:00,CNC-01,L,298.326317516926,312.4758682171011,1539.6870589304128,45.93831080396536,149.26280806535308,2.569588377210935,13.147900863108353,57.455214098009414,0,2026-09-03 06:33:50
2024-01-09 07:11:00,CNC-03,H,296.02191833567827,309.4319167514294,1733.0046848325142,38.058134547279096,33.05609124343888,2.269564079049648,12.412555130636548,57.25882467974509,0,2026-09-03 06:33:50
2024-01-09 17:29:00,CNC-03,H,26.446867663560397,41.776611436902726,1831.13308660002,42.507050601816,224.71053207766806,3.183733782150878,14.533361929747558,52.27528233040485,0,2026-09-03 06:33:50
2024-01-09 19:14:00,CNC-02,M,300.67859488245307,315.16418253552126,2258.9537821525823,29.2091044398333,210.75477823054254,3.6269447459513295,12.441121032177964,52.583036156590374,0,2026-09-03 06:33:50
2024-01-09 10:35:00,CNC-03,H,0.0,311.3225092609239,1501.8651350609346,50.21546118369162,123.38678378926546,2.3772541725632874,13.842448402917972,56.99520247981857,0,2026-09-03 06:33:50
2024-01-09 18:30:00,CNC-03,H,300.69422653867656,313.96356273852945,2260.8688651511807,26.384756049261203,72.71325120443005,2.841007459584049,11.146074296709928,48.033720743685144,0,2026-09-03 06:33:50
2024-01-09 01:35:00,CNC-02,M,298.8072055120501,310.51879673222606,2758.861944946364,12.148446824664276,129.7080382324153,3.5207180865311853,6.3048349734529365,51.692878207718586,0,2026-09-03 06:33:50
2024-01-09 12:22:00,CNC-03,H,297.2358020285193,310.573124957709,1309.917352616,50.18143045641603,22.251076823960666,18.813776058200936,12.304864022197501,57.420024477951884,0,2026-09-03 06:33:50
2024-01-09 22:15:00,CNC-02,M,300.121772784453,313.51582876559485,2572.833722178282,19.529611455249945,166.1150470761101,3.444369598140172,9.423426568638098,51.75422653252946,0,2026-09-03 06:33:50
2024-01-09 17:38:00,CNC-02,M,27.03575158022329,41.62475464386512,1958.6683654015872,36.91160614151643,85.9986716833415,2.6273398991049666,13.78023238380067,51.43895386383701,0,2026-09-03 06:33:50
2024-01-09 10:45:00,CNC-03,H,296.42722747437733,310.57200454334054,1360.5946943808397,51.117155892765915,139.08425437346924,2.284640057577421,13.00245514700998,56.24731838279526,0,2026-09-03 06:33:50
2024-01-09 07:03:00,CNC-01,L,295.8376673225014,310.1044909105538,1843.7658854804276,38.849891989815426,101.92326060016286,2.4742555846413348,470.24602082778716,53.754506558286195,0,2026-09-03 06:33:50
2024-01-09 20:08:00,CNC-03,H,300.4614196833327,,2515.6655421271535,25.714687157231996,194.51922752720574,3.4800871060204366,12.344089487384805,48.99073762620238,0,2026-09-03 06:33:50
2024-01-09 01:41:00,CNC-02,M,298.71356137186615,311.8330359427173,2722.152478110198,19.72694693405434,136.15121938381483,34.554513955492865,9.877247776330043,53.11339027377804,0,2026-09-03 06:33:50
2024-01-09 15:15:00,CNC-02,M,25.921750277964463,40.39446053049488,1511.6333068005915,47.36531604820718,89.24653726031094,22.353105413642915,13.431892644343755,57.101197390926615,0,2026-09-03 06:33:50
2024-01-09 01:27:00,CNC-03,H,298.3303237790651,310.92395848219246,2703.0555380762034,18.067813926924185,111.91517573582006,3.3593339090586136,8.912640318015152,54.51680012488971,0,2026-09-03 06:33:50
2024-01-09 02:18:00,CNC-01,L,297.7165230158881,311.1304040801819,2641.895954002592,21.418841732195567,156.31350310774775,3.490856367793337,10.487690191296123,54.13045746520749,0,2026-09-03 06:33:50
2024-01-09 20:38:00,CNC-02,M,300.9188789101419,313.26722083943304,2521.397650174969,18.00521070685033,57.61850118868102,3.082975646060589,8.504929566678925,48.60905086306767,0,2026-09-03 06:33:50
2024-01-09 13:20:00,CNC-02,M,297.9051110168768,312.3782481727318,1396.1995798656342,51.36547500215759,150.24213285091147,2.275635471370098,13.28799097428403,54.9002792157129,0,2026-09-03 06:33:50
2024-01-09 07:30:00,CNC-03,H,295.7692162604147,309.99206715038633,1946.7357821079827,37.11215520783979,60.00806944190408,26.135737420284393,13.611021702732344,53.464444850492924,0,2026-09-03 06:33:50
2024-01-09 09:46:00,CNC-03,H,295.88299827118806,310.1663441640516,1581.9248297684758,46.2988897426956,46.22621048474703,2.288070487275677,13.590414263579271,61.82484095256213,0,2026-09-03 06:33:50
2024-01-09 01:39:00,CNC-01,L,298.09782894888303,310.67017012533,2526.2710034372753,19.798891911085136,113.74813210802883,3.1331407686057657,9.12213199590434,53.25681455642157,0,2026-09-03 06:33:50
2024-01-09 19:26:00,CNC-02,M,300.3682272320951,315.08377923554934,2298.5887574045582,28.779999928502445,225.4336492764331,3.705717790846256,12.203712928201261,52.736664258611434,0,2026-09-03 06:33:50
2024-01-09 07:01:00,CNC-02,M,296.203584685174,310.2037970025447,1752.293021053259,39.43101800705556,45.74002694751636,23.47517906346138,12.95357699034131,50.880386971257394,0,2026-09-03 06:33:50
2024-01-09 09:27:00,CNC-03,H,296.10697454490213,310.40456370815406,1475.8218818169025,51.21423182569074,17.026743212692985,2.2914558972863586,13.9279371319124,55.95898090955254,0,2026-09-03 06:33:50
2024-01-09 11:17:00,CNC-01,L,297.073324079306,310.78361395551286,1537.6428179574173,43.44857126159207,44.18842624519863,2.16334651044524,12.23759116727263,53.90997252267515,0,2026-09-03 06:33:50
2024-01-09 17:49:00,CNC-03,H,26.98524728958705,40.719757711817635,2144.2223698579337,32.38228026606202,18.807335853839742,2.8072054202960683,13.035866892969642,55.31670628776209,0,2026-09-03 06:33:50
2024-01-09 05:10:00,CNC-02,M,296.98069173178783,311.5499199198152,2084.383342413632,35.72339730921179,125.96811796465452,2.8400025895096133,14.073435785926003,63.24167135597678,0,2026-09-03 06:33:50
2024-01-09 07:25:00,CNC-01,L,296.08316393120464,310.27514025299865,1661.6670676742574,41.83018021914128,133.1347199338718,2.4681487686806842,12.750348634616461,53.7827418138119,0,2026-09-03 06:33:50
2024-01-09 19:24:00,CNC-03,H,300.3009039837701,314.20980974588986,2296.67361785119,28.026847698157198,141.32322283098273,3.047177146976174,11.886696100260215,45.4181925099338,0,2026-09-03 06:33:50
2024-01-09 04:10:00,CNC-03,H,,310.0392868195961,2394.6302492205036,23.7317551171524,26.400071106000002,3.035487891747088,10.679861787928346,59.55054901467635,0,2026-09-03 06:33:50
2024-01-09 10:33:00,CNC-01,L,296.80103214408683,311.3400605230862,1364.4572342559347,51.68856879854253,182.15057399376033,2.5318698739892866,13.363496350587546,61.82402461710171,0,2026-09-03 06:33:50
2024-01-09 15:35:00,CNC-03,H,25.60880049058113,40.016684643238364,1805.6047354758912,42.127762090799294,61.62360283193913,2.5038351250226296,14.15070378163472,54.95822035165686,0,2026-09-03 06:33:50
2024-01-09 15:10:00,CNC-02,M,299.02957003335746,313.3172195716615,1499.676575393597,46.835180686812116,81.72363665371216,2.207309898437611,13.4191105568554,52.446062894204395,0,2026-09-03 06:33:50
2024-01-09 12:25:00,CNC-03,H,297.5357856829921,311.2196348216976,1380.4508808909625,50.3554239459114,27.00204747735044,1.9873119049198729,13.191196629066802,53.5830012222148,0,2026-09-03 06:33:50
2024-01-09 05:41:00,CNC-01,L,301.7225549585952,0.0,2182.4703050854273,34.83903400180678,208.49782493987502,3.625323209132206,14.319451244272473,45.581165975750494,0,2026-09-03 06:33:50
2024-01-09 22:30:00,CNC-03,H,305.6773537937644,312.6282753881076,2375.1301416668875,22.96214239478644,132.53079018000943,3.0609978002636735,10.24064387782687,38.06862848962557,0,2026-09-03 06:33:50
2024-01-09 11:07:00,CNC-01,L,296.72166748376065,310.4661748883152,1446.3285156195373,46.723054267818625,28.361974068720126,2.1223134174364735,13.020201459264895,53.167034924300715,0,2026-09-03 06:33:50
2024-01-09 14:10:00,CNC-03,H,298.3361971585881,313.8375620122643,1650.9236420825437,50.97297170886651,192.62564221024144,2.691701114367137,15.341961668019099,54.834186407038814,0,2026-09-03 06:33:50
2024-01-09 01:21:00,CNC-02,M,298.87824585505354,311.5994511811655,2622.356029099053,19.924446413839686,114.6583011715389,3.286596612039785,9.707654381467556,53.84992627303278,0,2026-09-03 06:33:50
2024-01-09 02:43:00,CNC-01,L,297.16125232721,310.58115328174176,2581.172561612231,22.03292068718894,184.1587004701672,3.695155719259647,10.734051422423219,56.4768254209638,0,2026-09-03 06:33:50
2024-01-09 05:51:00,CNC-01,L,296.09890474323606,309.3927530366493,1952.9710061251021,32.73420782972379,3.978975037010762,2.6213777000868426,11.741368627152305,61.294521958355325,0,2026-09-03 06:33:50
2024-01-09 00:24:00,CNC-01,L,298.76062983746806,311.09317371766406,2664.249287711972,18.85458664182708,32.77508152624052,3.2724126311994666,9.351002453628714,55.78497169886681,0,2026-09-03 06:33:50
2024-01-09 00:45:00,CNC-01,L,298.61299211792914,310.9152609775303,2731.729744781278,17.540852618940974,55.27367130736819,3.2993926389319372,9.01304525236717,52.1626087764182,0,2026-09-03 06:33:50
2024-01-09 13:16:00,CNC-01,L,298.07621585572736,311.3678932631369,1300.4563619276303,48.2434408838564,4.744045339558435,2.0487880169942416,11.742581603757404,58.557842118132506,0,2026-09-03 06:33:50
2024-01-09 01:56:00,CNC-02,M,298.7004267460903,311.8670391921465,2628.3823589429594,20.40151298196719,152.43563558550613,3.4286070818535146,9.96439056412038,53.811878561187214,0,2026-09-03 06:33:50
2024-01-09 17:27:00,CNC-02,M,26.996354271079156,40.81717445642727,1945.0538888840003,33.70361428327589,71.07903606277364,2.5025450006480123,12.336942194069229,52.44088715182741,0,2026-09-03 06:33:50
2024-01-09 18:50:00,CNC-03,H,300.5789416093266,314.4932388302004,2149.535240584822,29.806044500963473,98.52521545308822,2.8444999215324605,12.084948667936583,51.303893430526884,0,2026-09-03 06:33:50
2024-01-09 15:55:00,CNC-01,L,26.2522793846681,40.300308089940074,1712.0823785816751,42.536168811543575,22.138239673637504,2.3246493047111687,13.790547834417849,49.95520991826277,0,2026-09-03 06:33:50
2024-01-09 20:56:00,CNC-01,L,300.5343245322112,314.8796473309581,2366.711019571707,27.97568697469378,214.05207516736886,3.855897191261868,12.539192017960472,55.743363252771395,0,2026-09-03 06:33:50
2024-01-09 07:39:00,CNC-02,M,296.17699589514393,310.6886034573708,1836.4260041728762,39.000624037158204,99.43066126969157,24.444753738075093,13.641314526106811,60.97500067421988,0,2026-09-03 06:33:50
2024-01-09 00:48:00,CNC-02,M,299.04607502072747,310.5587319709765,2759.2831742482686,13.433135401849217,79.12383523686253,3.327063159836473,6.959955929989578,48.499688962321926,0,2026-09-03 06:33:50
2024-01-09 03:01:00,CNC-03,H,297.85300813455655,311.7660652134103,2361.3036176832675,25.60937165510213,216.21172673415785,3.512348417985719,11.30031543637962,53.36784668664775,0,2026-09-03 06:33:50
2024-01-09 08:38:00,CNC-02,M,296.2720437767528,311.3548731092379,1657.1428570672845,44.62869147476885,186.5992913593144,2.7868040661121207,13.855485122710995,,0,2026-09-03 06:33:50
2024-01-09 03:34:00,CNC-01,L,297.0054642534542,309.997938080752,2497.2883514218793,23.105891775997527,51.70460863170822,3.1322677187733605,10.918774958788134,56.766605905276585,0,2026-09-03 06:33:50
2024-01-09 21:23:00,CNC-02,M,300.203303023821,313.3631227951948,2536.807288160546,21.2559762021483,108.67920150973609,3.258942255303621,10.125384278778355,49.25374067712083,0,2026-09-03 06:33:50
2024-01-09 03:20:00,CNC-03,H,297.6431522991278,311.17524794145186,2551.7544861971696,21.591119219104243,237.7592118225329,3.901979172140247,10.22473464560332,59.672859485445386,0,2026-09-03 06:33:50
2024-01-09 19:33:00,CNC-03,H,300.2824797023883,314.15693223112527,2189.209323486797,28.355268975026416,,3.0323006802064736,11.467014622342163,51.94920932186592,0,2026-09-03 06:33:50
2024-01-09 00:20:00,CNC-02,M,298.95191073847104,310.28716179797453,2597.2224407018603,13.496615166722828,49.62652915726148,3.2060634794011342,6.431993497352412,52.47346930993497,0,2026-09-03 06:33:50
2024-01-09 15:12:00,CNC-03,H,298.61630290743585,312.5039001052693,1552.187772258149,46.04297022314867,27.276113010629775,2.1411087321302738,13.208893460940557,53.592634019552264,0,2026-09-03 06:33:50
2024-01-09 10:04:00,CNC-03,H,296.01685014704174,310.0563960766209,1365.7976122475911,51.38507155623722,74.51264230357974,2.0360670998606443,13.04275321264906,57.51099157383589,0,2026-09-03 06:33:50
2024-01-09 13:42:00,CNC-03,H,297.88855606153015,312.57794768947235,1533.8776320284094,48.69798754542402,148.95009121844006,2.312932614187952,13.899571234101387,,0,2026-09-03 06:33:50
2024-01-09 09:28:00,CNC-03,H,296.4028638455631,310.37049952195207,1496.0464929148197,47.68878835953668,18.572185594622987,2.2134044257991605,13.123768082178215,60.548988425694496,0,2026-09-03 06:33:50
2024-01-09 08:38:00,CNC-01,L,295.87999269611015,309.28745203884927,1480.1512074221287,45.07962796023259,4.557047204279287,2.088576807366679,12.570705599325121,55.77557137607672,0,2026-09-03 06:33:50
2024-01-09 01:53:00,CNC-01,L,297.6634590311436,310.5795053189078,2643.0421102451974,20.017835735294963,128.9328531274596,3.3673193894326716,9.623452967931927,54.960032746866446,0,2026-09-03 06:33:50
2024-01-09 12:23:00,CNC-01,L,297.64349696807096,311.3908906841779,1500.587854951591,43.02086110011855,148.89544892318452,2.5722600217455054,11.971777872135899,55.53472706597264,0,2026-09-03 06:33:50
2024-01-09 02:12:00,CNC-02,M,0.0,311.41631797230514,2535.6800482547783,20.654194908119106,169.96106915649884,3.3882565542425396,9.851670189217371,56.13054792960673,0,2026-09-03 06:33:50
2024-01-09 06:37:00,CNC-02,M,296.62190072493314,310.33219029922697,1759.388567976817,37.54552138139972,12.292600473480892,2.458242680372141,12.415273006133027,61.33957152164564,0,2026-09-03 06:33:50
2024-01-09 19:17:00,CNC-01,L,300.5268070425113,314.39816361888364,2303.988216948276,27.6563894753485,96.02378944477827,2.8920361066818945,11.893718179358109,53.272816684209225,0,2026-09-03 06:33:50
2024-01-09 14:00:00,CNC-03,H,298.30019881410664,313.02976173145714,1395.6658149138298,53.062598129615736,177.1392847203302,24.258753009181117,13.943983119394435,56.402231800968536,0,2026-09-03 06:33:50
2024-01-09 22:09:00,CNC-03,H,305.3380991792515,311.38888394666105,2663.484911966725,16.23027977768764,109.60992728074837,3.1608933395599377,8.166026516814213,41.58153730234027,0,2026-09-03 06:33:50
2024-01-09 14:19:00,CNC-03,H,298.56900961705645,313.24627504901923,1474.2900238639777,49.62669503641838,206.63694544527746,2.729529988921105,13.740914328589888,53.09006995169633,0,2026-09-03 06:33:50
2024-01-09 14:16:00,CNC-01,L,298.37429976559287,313.130948585493,1380.9374255471869,54.85154380312281,98.6712571541871,2.1268810837086134,14.02355496765255,53.66471252457405,0,2026-09-03 06:33:50
2024-01-09 19:20:00,CNC-02,M,300.6017421977276,315.33615142839136,2233.8589190512007,30.229676981334173,218.18302002410977,3.5333249181851816,12.526757969869612,51.11765019917873,0,2026-09-03 06:33:50
2024-01-09 17:04:00,CNC-02,M,26.887561383119817,41.196366106874166,1904.8592955620309,38.11123319386543,39.30325686769073,2.483779506600472,13.488188236683923,54.992288611085655,0,2026-09-03 06:33:50
2024-01-09 18:50:00,CNC-02,M,300.49592448433543,314.6821836087313,2218.0700913332257,28.0442326340864,180.60215007747695,3.2621640016680407,11.732791166098528,44.60232015130114,0,2026-09-03 06:33:50
2024-01-09 02:52:00,CNC-01,L,297.3283923625624,309.53480643627825,,19.69040469421343,3.4015321107077563,3.1066694659551306,9.450674641887753,54.06051635899127,0,2026-09-03 06:33:50
2024-01-09 17:34:00,CNC-03,H,26.523576280771408,40.906997934252274,1940.7382512074378,35.53627533958819,231.61478400618208,3.4012747937788284,12.726554231721597,56.947350473602356,0,2026-09-03 06:33:50
2024-01-09 15:59:00,CNC-01,L,,39.963854407357076,1679.726602043015,40.65371587669643,28.08553947031292,2.3269743417447417,12.974774984329624,51.56539943260396,0,2026-09-03 06:33:50
2024-01-09 05:59:00,CNC-03,H,296.10523824282603,310.47382035313956,2138.716418798795,32.588529725422575,164.25218244291815,2.9640933306656763,13.127968368601701,60.52011395572066,0,2026-09-03 06:33:50
2024-01-09 22:29:00,CNC-03,H,305.5804297888353,312.51405321532303,2616.9923970829072,19.839858066709848,,3.4243764046789797,9.911184021107376,38.23694659865718,0,2026-09-03 06:33:50
2024-01-09 04:04:00,CNC-02,M,297.56299413235405,310.57150811333173,2300.9309387879407,24.768969956034486,44.9668190668443,2.8396647285023704,10.429808124456777,54.67026149233478,0,2026-09-03 06:33:50
2024-01-09 23:59:00,CNC-01,L,299.68389231628083,312.1035144080717,2738.122486701729,14.523527156515488,195.11850200065976,4.055089440313914,7.247339397532826,50.0584783205866,0,2026-09-03 06:33:50
2024-01-09 11:34:00,CNC-02,M,302.7953699422714,311.668231638483,1577.7040214854735,45.0191813377054,231.51401983440533,3.1482504322699283,13.36415760960754,47.88546783654897,0,2026-09-03 06:33:50
2024-01-09 14:09:00,CNC-03,H,298.23774402006563,313.8625696504384,1590.4798093798538,54.39515334336751,191.13355570128348,2.679113475246356,16.285386471867035,52.87796749525325,1,2026-09-03 06:33:50
2024-01-09 04:49:00,CNC-02,M,297.09369989774376,310.56522419392417,2343.132047369003,25.557268235789984,99.50712837499444,2.993141279798856,11.214293967162428,58.69968007328461,0,2026-09-03 06:33:50
2024-01-09 20:53:00,CNC-02,M,300.2259749224265,313.1257930731626,2499.200654279376,19.818018454526204,74.69538505305069,3.2381511597778876,9.341588995860805,49.41212041268709,0,2026-09-03 06:33:50
2024-01-09 15:09:00,CNC-03,H,299.25060909518885,313.5108191137475,1534.1054118688398,49.222889768459765,22.76085481000643,2.101746253052046,14.03294545834713,50.21952733027752,0,2026-09-03 06:33:50
2024-01-09 11:05:00,CNC-03,H,296.76884144388055,311.7661061311454,1395.4930404498598,54.52793058907529,170.76457967577625,2.324363885224329,14.287730358630744,55.411950194147174,0,2026-09-03 06:33:50
2024-01-09 06:41:00,CNC-03,H,295.7504272937612,310.9547104169215,1922.8362366820209,40.02054600975663,221.50263867405477,3.270944567640027,14.490506883801189,60.033547527918,0,2026-09-03 06:33:50
2024-01-09 06:38:00,CNC-01,L,295.87989946227077,309.7877356015816,1908.9089585203649,35.10179717914555,67.17175055155435,2.5885544807024523,12.551120523022558,61.03472298884644,0,2026-09-03 06:33:50
2024-01-09 21:37:00,CNC-01,L,300.4249239553889,312.83037552542896,2686.5682859390017,17.525039598334587,42.39704711770162,3.2663035930128124,9.040230948659259,53.24122426377892,0,2026-09-03 06:33:50
2024-01-09 13:30:00,CNC-03,H,297.8428515622755,312.7105879910064,1387.4192652299669,55.19488005217668,130.04804720633453,2.231217374977149,14.509180268586757,56.22530397323932,0,2026-09-03 06:33:50
2024-01-09 13:15:00,CNC-02,M,297.95885125809804,311.9830408924976,1375.1174204651643,46.164985196298694,142.29144253334596,2.2087668143918213,11.824363906095483,58.649297712453404,0,2026-09-03 06:33:50
2024-01-09 08:08:00,CNC-02,M,296.276892969215,310.5591579511636,1526.4360188852743,46.68489896847441,141.75863136441882,2.3432155865699,13.500737094898373,57.912319515283585,0,2026-09-03 06:33:50
2024-01-09 14:00:00,CNC-01,L,298.2877343128365,312.5068200736169,1353.9069809392936,54.27642255463536,73.69599101846208,2.0463995863102786,13.945345065159376,54.54143838723743,0,2026-09-03 06:33:50
2024-01-09 21:33:00,CNC-01,L,300.5560905197263,313.22822346889893,2527.399443940438,19.802782825001096,38.02828933970856,3.046293527608255,9.414973477884818,48.29783430242386,0,2026-09-03 06:33:50
2024-01-09 18:15:00,CNC-03,H,300.0320813121083,313.7919603804088,2041.9527992123055,32.40761920827227,53.23399848218609,26.784257802851865,12.166741534161087,58.61927232814459,0,2026-09-03 06:33:50
2024-01-09 03:57:00,CNC-03,H,297.0439753689691,309.032824177934,2441.2358849136813,20.204669667954093,10.60446763527401,2.9679914308928836,9.35658858241532,54.6677289274895,0,2026-09-03 06:33:50
2024-01-09 13:02:00,CNC-02,M,297.40467213359346,312.14853560805835,1368.8049386168732,54.75504961328123,121.85847716151893,2.1085897223095,14.124258919871997,55.780315630019935,0,2026-09-03 06:33:50
2024-01-09 08:04:00,CNC-02,M,296.3274009660381,311.32643889552594,1641.2510267741452,47.52377036091516,135.75907657482668,2.4214372260070265,14.681015323646733,61.31609436086276,0,2026-09-03 06:33:50
2024-01-09 02:01:00,CNC-03,H,298.4767343559309,310.88352954961374,2666.936641450751,16.089818617296334,148.86203207268545,3.375651348002262,7.926168637288186,51.930434129487146,0,2026-09-03 06:33:50
2024-01-09 04:52:00,CNC-02,M,297.16771823055075,311.1858379837312,2255.837916660403,30.171762137401526,103.27182351903433,28.281639940539407,12.681738074949047,58.27073285747525,0,2026-09-03 06:33:50
2024-01-09 13:16:00,CNC-03,H,298.0698519850521,312.1228737542476,1346.1744959193506,51.93863117181221,107.80930477732812,2.023532758498759,13.176003607960324,58.150401483785544,0,2026-09-03 06:33:50
2024-01-09 01:10:00,CNC-01,L,298.07192054199805,310.0931102226712,2677.597182139571,16.288344281346607,82.0628951696752,3.267648362042167,8.107836713349677,53.84364282706537,0,2026-09-03 06:33:50
2024-01-09 06:22:00,CNC-01,L,296.2065387097758,310.20944089990576,2036.3796561572783,34.340694029370546,45.27720275027912,2.661955407633665,13.112410889083558,0.0,0,2026-09-03 06:33:50
2024-01-09 20:47:00,CNC-03,H,300.22193345468537,312.0278789208664,2498.4398737762476,17.103417027806383,17.33419058820146,3.1187382097278444,7.99883784992636,48.24835178018541,0,2026-09-03 06:33:50
2024-01-09 06:11:00,CNC-03,H,296.2007617043574,310.8616898436233,1997.6435126880601,35.34991993942336,180.44463208166556,2.9470235832977676,13.18647250195019,54.48470198010321,0,2026-09-03 06:33:50
2024-01-09 00:45:00,CNC-02,M,298.9189004214342,309.5547608799855,2739.838045960326,9.33009896534991,76.00427834186951,3.280738312530823,4.874690865967683,56.1866094077948,1,2026-09-03 06:33:50
2024-01-09 10:06:00,CNC-01,L,296.33036144351547,311.0856016645445,1400.246798497686,53.372952681271556,139.79141662194036,2.3224514697485263,13.801212842026926,57.2953939561079,0,2026-09-03 06:33:50
2024-01-09 06:58:00,CNC-02,M,296.4620478456021,310.6503986448786,1755.1724438422825,41.704154560999925,0.0,2.4100243282976925,13.882903734065922,61.73745914028592,0,2026-09-03 06:33:50
2024-01-09 02:15:00,CNC-01,L,297.63181250498445,310.40933689835015,2517.233985915147,19.599820096687885,153.02600808642126,3.414731245969908,9.246298340807128,57.242902983506696,0,2026-09-03 06:33:50
2024-01-09 03:15:00,CNC-02,M,297.6290400150121,311.6982093284959,2344.6203375906503,24.544302931650563,,39.356233108955635,10.53833378711922,55.63104763811153,0,2026-09-03 06:33:50
2024-01-09 11:45:00,CNC-01,L,297.07341410487624,311.29789579641977,1389.7909902407391,50.55625557088865,88.61776679235015,2.1464147729104757,13.394624520163475,58.40662688848369,0,2026-09-03 06:33:50
2024-01-09 19:49:00,CNC-03,H,300.15585795395816,314.77136588445535,2409.9407631487966,31.16400592096266,171.74054697958945,3.317130980964161,14.121373450127093,51.665516798965335,0,2026-09-03 06:33:50
2024-01-09 08:18:00,CNC-02,M,296.3411829923887,311.391237458598,1650.8076370131314,46.16474871279503,156.47753125892163,2.5019972353854802,14.282341220631336,58.746118463994115,0,2026-09-03 06:33:50
2024-01-09 17:42:00,CNC-03,H,26.612410986523116,39.945682475018714,2082.628819297612,32.467668476461185,9.42779085720447,2.7587214207349415,12.68671602929918,56.04506854723373,0,2026-09-03 06:33:50
2024-01-09 12:15:56,CNC-01,L,297.566913496964,312.29256105642344,1479.9905862399355,52.30960329850916,136.2640245263919,2.2496455518068017,14.356090690952652,55.72548667873897,0,2026-09-03 06:33:50
2024-01-09 09:03:00,CNC-01,L,296.29555872523986,310.1312375012635,1552.7862607740897,45.563269034745666,42.64663529341094,2.319387117385692,13.199739014617728,63.63559697682379,0,2026-09-03 06:33:50
2024-01-09 15:59:00,CNC-03,H,26.10117715708344,40.504953662807054,1666.153618654016,43.52966663465203,97.01860966107729,2.385717396575395,13.489646549191372,52.708102070593,0,2026-09-03 06:33:50
2024-01-09 09:58:00,CNC-03,H,296.189771229749,310.55062954663066,1417.677569992099,51.14373811329301,65.02866813773848,1.989645680041667,13.704726302122921,58.962448201419335,0,2026-09-03 06:33:50
2024-01-09 15:57:00,CNC-02,M,26.576861738969114,41.10263020282639,1746.113990969351,39.97224826913491,151.54933700605508,2.686951127429322,13.15174692906966,48.45336361450674,0,2026-09-03 06:33:50
2024-01-09 20:06:00,CNC-01,L,300.6191326284496,314.1654359419723,2221.2710702092977,27.644907543774575,155.55040632657978,3.1265497281823316,11.572849972396837,52.19811704245167,0,2026-09-03 06:33:50
2024-01-09 16:54:00,CNC-02,M,299.949619472616,314.4793194768959,1857.2465421315517,39.750162289021326,25.498410356365767,23.566435021178595,13.936518211363987,47.84317598168315,0,2026-09-03 06:33:50
2024-01-09 00:56:00,CNC-03,H,298.6491154504895,310.969277150628,2734.8852764128937,17.151363890935503,78.81538081110351,3.3232301098938737,8.770854927646592,55.96941305908456,0,2026-09-03 06:33:50
2024-01-09 14:56:00,CNC-03,H,298.5584160871359,312.29238053958716,1518.4948273355483,44.645247197353434,3.0751961419956455,2.019441367094466,12.775774580024594,52.48833446531633,0,2026-09-03 06:33:50
2024-01-09 07:39:00,CNC-01,L,295.88575729546744,310.39158973334736,1736.7386047475002,41.13084521519791,153.1723095042768,2.5661044075697137,13.55926819726258,65.33765040812023,0,2026-09-03 06:33:50
2024-01-09 03:16:00,CNC-01,L,296.9835264465438,10026.37455855622,2461.8130178564047,21.256763562190784,30.876487285779614,3.0079316390682287,9.865251558913684,60.55107351665109,0,2026-09-03 06:33:50
2024-01-09 15:17:00,CNC-02,M,25.793948839860093,40.405251209400774,1572.2838432483259,47.5302608274083,92.30266361617001,2.2395876003631403,14.060307680798463,51.061988541915284,0,2026-09-03 06:33:50
2024-01-09 01:59:00,CNC-02,M,298.63663404317697,310.8531592185234,2784.8448667428297,15.225071895468366,155.57412794400247,3.630682091515575,8.00993425264172,53.13316498506753,0,2026-09-03 06:33:50
2024-01-09 13:25:00,CNC-03,H,297.976958145482,311.77791512728095,1243.582478387943,51.865956740387475,122.09316025145513,1.966652266981756,12.08723064908759,53.58874884855691,0,2026-09-03 06:33:50
2024-01-09 00:56:00,CNC-02,M,298.9459543845136,311.4749135673517,2710.9916984621004,17.745642418326533,87.62591617237157,3.410821995813101,8.942992418708716,54.0567221038251,0,2026-09-03 06:33:50
2024-01-09 15:31:00,CNC-02,M,25.974133177233625,40.15930714464827,1540.592655750865,44.148673198177924,113.21469091711312,2.2004460983496457,12.73412356396943,52.76869187079046,0,2026-09-03 06:33:50
2024-01-09 14:12:00,CNC-03,H,298.26284941844625,313.3990062502364,1616.2774887771466,50.117842289363814,195.72660639595298,2.770225981886558,15.021404593481272,58.14113778684715,0,2026-09-03 06:33:50
2024-01-09 09:51:00,CNC-02,M,296.45531887075913,310.81956894113097,1444.7175615476012,49.449360437951206,69.36495762656928,2.1150000773953805,13.452404449736306,54.546127079267016,0,2026-09-03 06:33:50
2024-01-09 01:17:00,CNC-03,H,298.44345577284486,310.414772635357,2586.7832271495104,15.481443244983968,101.26828477711061,3.2363042331178615,7.514584733177547,54.707049036999514,0,2026-09-03 06:33:50
2024-01-09 16:09:00,CNC-03,H,26.108380187948228,40.63096245934037,1811.4834792201113,40.87980134058614,111.57794149126627,2.5471258154843657,13.866233041359438,56.24601635423598,0,2026-09-03 06:33:50
2024-01-09 00:01:00,CNC-02,M,299.17926641012855,311.0328157755027,2626.2837775029802,0.0,29.486788589401645,3.134853731378564,7.904977457981093,56.058574484761984,0,2026-09-03 06:33:50
2024-01-09 03:59:00,CNC-03,H,296.9337262950865,308.88344154367525,2270.0751407660678,21.11713691887798,12.990078126498764,27.91322515519889,9.293952096217774,55.13707428868062,0,2026-09-03 06:33:50
2024-01-09 07:11:00,CNC-02,M,296.3710993485456,310.17314966974214,1922.0437233234857,36.09027735098144,59.6667196551145,2.467379307867751,12.902776257346288,58.04286122818136,0,2026-09-03 06:33:50
2024-01-09 02:30:00,CNC-03,H,298.0752069050304,311.8345893012207,2550.298240219472,23.36863259886925,181.01071481895013,3.5135815664072143,11.177192566441173,52.68683056517484,0,2026-09-03 06:33:50
2024-01-09 22:25:00,CNC-01,L,300.75392450791054,313.3907308880827,2616.1024618751503,18.43878947773123,94.79844915586692,3.140648619029152,8.880677031323652,50.70983774780264,0,2026-09-03 06:33:50
2024-01-09 07:44:00,CNC-03,H,295.9320962599536,310.33012874461036,1743.272470695736,42.56975673701343,80.12078686841448,2.4062798880445824,13.99437033937661,59.32419112292137,0,2026-09-03 06:33:50
2024-01-09 08:46:00,CNC-01,L,296.21867901990555,309.53528164795443,1583.4767702402014,40.68683278626594,16.637297146811846,2.277972451532309,12.078112814703385,57.251555289927204,0,2026-09-03 06:33:50
2024-01-09 09:34:00,CNC-02,M,296.6029086753125,310.7354962678868,1395.8806767219526,51.347828568163635,42.99151946474336,2.1053069406022162,13.323309399472112,59.73535281062714,0,2026-09-03 06:33:50
2024-01-09 06:04:00,CNC-01,L,295.9574427603626,309.41054756886274,2215.7049829439384,29.186432579915685,21.13397108971376,2.8501305277934095,12.07081673315946,58.38916750298161,0,2026-09-03 06:33:50
2024-01-09 21:25:00,CNC-01,L,300.74255713765353,312.31470518252775,2517.8316558579286,16.101391446741896,29.026064003782718,3.189231416178812,7.741157087154736,53.02871817798389,0,2026-09-03 06:33:50
2024-01-09 02:03:00,CNC-01,L,297.79719405278604,310.49334227416335,2641.4545022114603,17.477198912870737,139.8271784377904,3.4577364398205694,8.914133086658232,51.561616474259694,0,2026-09-03 06:33:50
2024-01-09 06:42:00,CNC-01,L,296.0551386867627,309.8337951763983,1804.0801349393396,37.34947406227225,72.72378494638387,2.425396688004144,12.738896116637934,60.8983158625599,0,2026-09-03 06:33:50
2024-01-09 16:40:00,CNC-01,L,299.7458084174809,313.99460415730897,1807.075494375779,40.753818385134046,86.87579697573591,2.512119000106637,13.877167489352724,52.31546585908619,0,2026-09-03 06:33:50
2024-01-09 04:57:00,CNC-02,M,297.22623958612405,310.7616006366989,2310.420002676991,26.213065741404854,109.4308375070171,2.947105517887988,11.685889270595386,60.15050332718345,0,2026-09-03 06:33:50
2024-01-09 22:10:00,CNC-02,M,300.122469741691,312.89171998235605,2625.7912196260895,16.451343423571924,160.61373765370544,3.4923186472344634,8.394430976975745,51.77808374923323,0,2026-09-03 06:33:50
2024-01-09 07:06:00,CNC-03,H,295.64743520426214,309.3931874662245,1761.4990650375482,38.75444181161743,26.1137544667959,2.4630064703295145,12.838948019778508,60.501566291468514,0,2026-09-03 06:33:50
2024-01-09 06:14:00,CNC-03,H,295.9448014657894,311.0068760857555,2038.854544745039,38.8435513634669,184.5173957231264,3.1176410712760014,14.752390242064154,56.4111748544396,0,2026-09-03 06:33:50
2024-01-09 23:34:00,CNC-01,L,300.09959404457726,312.6816131950102,2796.715976682601,16.598578048831158,168.62634584244458,3.636360488051885,8.731048277529087,48.73396991945241,0,2026-09-03 06:33:50
2024-01-09 11:11:00,CNC-03,H,296.64367514050906,311.1882324647029,1449.1102614976244,49.49580024186822,180.1733383267314,2.4828644462453178,13.438348903929002,59.65978588810969,0,2026-09-03 06:33:50
2024-01-09 20:45:00,CNC-01,L,300.492751940269,314.89803430780813,2512.04077403576,26.765079448785503,201.2889488749771,,12.586234370017275,51.13104255638649,0,2026-09-03 06:33:50
2024-01-09 20:33:00,CNC-02,M,300.62857530278956,313.65922583492596,2433.6741942111835,21.915504652384758,51.930016279496705,3.0716869959927235,9.99880631343334,49.08621926358958,0,2026-09-03 06:33:50
2024-01-09 20:33:00,CNC-03,H,300.1858870156982,311.5560657229676,2603.9065216880017,14.58353373947751,1.095679018018703,3.143093716657931,7.177789033560778,50.86062812511172,0,2026-09-03 06:33:50
2024-01-09 02:06:00,CNC-02,M,298.3038393955246,311.39752523116965,2552.222820144531,21.230713226971343,163.2807572774039,3.508033706026846,10.293822281383397,55.26679795886285,0,2026-09-03 06:33:50
2024-01-09 23:27:00,CNC-01,L,300.340497100328,312.12571572243223,2846.2616336693504,11.761397377373463,161.28633373884134,3.717181965553611,6.293840506742386,52.76276120602203,0,2026-09-03 06:33:50
2024-01-09 05:00:00,CNC-01,L,301.4490351889678,309.50095054459393,2201.9426104224,29.08449648484271,156.02999221450327,3.163769870571812,11.865122068683176,48.943594326427636,0,2026-09-03 06:33:50
2024-01-09 22:08:00,CNC-01,L,300.598419467272,312.12916227258097,2754.558423408369,13.842876701443593,76.41072168317051,3.2588572458445206,7.112291649794669,48.489786734746,0,2026-09-03 06:33:50
2024-01-09 04:39:00,CNC-02,M,297.1965637443319,310.81822849106896,2200.534700837733,28.88715579300796,87.18977101694433,2.7492422469516655,11.743780630008994,57.52737561458339,0,2026-09-03 06:33:50
2024-01-09 02:23:00,CNC-03,H,297.99817904641816,311.9010582194777,2521.2956110374307,25.335056793337493,173.2366323712606,3.43973791455139,11.802561106048273,63.470715154169895,0,2026-09-03 06:33:50
2024-01-09 23:22:00,CNC-03,H,299.8137024620916,313.15623332945165,2801.939643661143,19.67517485309972,188.16421004738584,3.7582650374383633,10.420676418985918,50.3057780241949,0,2026-09-03 06:33:50
2024-01-09 01:32:00,CNC-02,M,298.8138195990924,311.57202653475923,2745.8981102360935,18.1878384895004,126.54603151241253,3.4304175042923974,9.558346326778523,50.87346891024486,0,2026-09-03 06:33:50
2024-01-09 20:05:00,CNC-02,M,300.39412848832404,313.2406306982962,2514.189036801977,20.791404684232134,18.979383059647944,3.073245262080423,9.888092957167025,48.34741904781765,0,2026-09-03 06:33:50
2024-01-09 21:15:00,CNC-03,H,300.17687619209244,312.76504210150887,2522.756491752415,20.115379507285137,49.34939371348724,3.0302237456482195,9.590090229632356,52.10486106410401,0,2026-09-03 06:33:50
2024-01-09 22:34:00,CNC-01,L,300.4125502889581,312.08868994342686,2789.6015333192886,12.735420636873513,104.48406450945197,3.4571062596824516,6.740966267889781,52.831406570953845,0,2026-09-03 06:33:50
2024-01-09 12:45:00,CNC-02,M,297.5978969907348,312.36536685212315,0.0,54.17578051584053,95.01286816198757,21.66523526616576,14.287460333761153,58.863192021368135,0,2026-09-03 06:33:50
2024-01-09 16:49:00,CNC-01,L,299.8831016652599,313.99176081102325,1699.7378012873037,39.887487797547685,99.82672753477064,2.5176822584858956,12.684983500936797,52.14986613867447,0,2026-09-03 06:33:50
2024-01-09 15:05:00,CNC-01,L,298.8592934593936,313.27138673400253,1633.9831576796037,44.69518008052279,173.62672093175945,2.692032820968455,13.545334248866597,55.04264039501933,0,2026-09-03 06:33:50
2024-01-09 11:24:00,CNC-02,M,302.1993340618085,311.2672940057006,1421.3852746959246,51.97657565671608,215.7862017085048,2.8427990002316315,13.80208248107968,49.69908380672422,0,2026-09-03 06:33:50
2024-01-09 05:44:24,CNC-01,L,301.6033966180615,309.56313287355044,2306.2275210549155,26.574307946263904,212.37390947246058,3.798170610746187,11.556451236751439,48.46408600983665,0,2026-09-03 06:33:50
2024-01-09 05:50:00,CNC-01,L,295.77789007324947,309.31021351286444,1959.9906237344105,34.202571469618555,2.6324757551678335,2.492600416626104,12.574085873368924,,0,2026-09-03 06:33:50
2024-01-09 20:24:00,CNC-03,H,,315.17287773584775,2438.4149507313014,30.446956580187727,213.25256608013854,3.5530661151702425,14.049909148330766,49.00802526164587,0,2026-09-03 06:33:50
2024-01-09 05:26:00,CNC-03,H,296.4928937604373,310.4198108094299,2230.0367856633143,28.927882916354463,121.01531129140433,2.9632175208477323,12.058979200008741,54.63067488953752,0,2026-09-03 06:33:50
2024-01-09 07:10:00,CNC-03,H,296.23907643705434,310.44982630058905,1818.1938252711616,39.104654175919386,31.629449813967504,2.4727647693630814,13.441643810642093,59.52568139560273,0,2026-09-03 06:33:50
2024-01-09 02:41:00,CNC-02,M,298.0519464856573,312.0774513963861,2700.7676347351517,23.07699567106582,202.2036934927102,3.889596128988441,11.766584733358602,55.76978246716493,0,2026-09-03 06:33:50
2024-01-09 11:04:00,CNC-01,L,296.50674576275986,309.6460339840121,1350.1934617712507,46.58749685839885,23.72509111983991,2.077949750495417,11.487227253435812,56.01895309489512,0,2026-09-03 06:33:50
2024-01-09 19:26:00,CNC-01,L,300.3483830652407,315.1819002703233,2345.4125003994595,33.71846257284864,107.20254383203088,3.107437381835804,15.003122848616332,46.95587071403702,0,2026-09-03 06:33:50
2024-01-09 07:34:00,CNC-01,L,295.7959622116019,310.9100846232296,1837.5243592258482,43.60071739035881,146.00399387993727,2.7794289734404036,14.774833514338157,58.91911181858427,0,2026-09-03 06:33:50
2024-01-09 05:08:00,CNC-03,H,296.6252056333565,310.6558845232842,2290.427099622443,28.683565755267605,98.26188949622657,2.800936543812972,12.309143427037531,61.11275378476297,0,2026-09-03 06:33:50
2024-01-09 16:12:00,CNC-03,H,26.278822846398157,40.489345329129094,1506.3360111050804,46.77093560141761,116.0062699699743,2.1747009700809756,13.184790632882239,52.22656451181108,0,2026-09-03 06:33:50
2024-01-09 16:04:00,CNC-01,L,26.361372068732635,40.176758833538486,1877.1830953988483,36.1404727863175,35.33297945012917,2.463430445108651,12.700984398645533,50.76504869357971,0,2026-09-03 06:33:50
2024-01-09 15:13:00,CNC-02,M,26.13723993968125,40.682118623476356,1722.075032733905,41.741527578800586,86.20231642723245,,13.482964114720959,52.936630275470286,0,2026-09-03 06:33:50
2024-01-09 19:15:00,CNC-01,L,300.2934236600259,314.0809576108938,2252.6360568111218,28.035714406453724,93.59589535120624,2.950139907115546,12.04072985303983,46.445881568631236,0,2026-09-03 06:33:50
2024-01-09 10:23:00,CNC-02,M,302.1839353953951,310.99993071390156,1509.5335026571502,49.598399218578116,119.28943989940824,2.3035946512560614,13.91368861186359,46.40111845104703,0,2026-09-03 06:33:50
2024-01-09 01:36:00,CNC-01,L,298.30531242755825,310.6284161394117,2546.0082174214926,19.186167501586304,110.42153175889109,3.181527058195582,9.295468941359646,54.05013499733092,0,2026-09-03 06:33:50
2024-01-09 04:14:00,CNC-03,H,296.803098830105,310.36084780343765,2326.2963340266433,27.310963897476803,31.28309457400629,2.857467818324401,12.292058536637036,59.59098814863372,0,2026-09-03 06:33:50
2024-01-09 14:48:00,CNC-01,L,298.5719732687479,312.8739813994077,1436.3869939500166,49.0077741263248,147.74590514242504,2.328016402631444,13.319327721375359,55.51759070135736,0,2026-09-03 06:33:50
2024-01-09 13:59:00,CNC-03,H,298.3858015092054,313.0643835090798,1573.342480578339,47.294028075737366,175.55999258704702,2.5678217043139435,14.071055902620154,56.968376061367394,0,2026-09-03 06:33:50
2024-01-09 13:30:00,CNC-01,L,298.4320815976067,312.13292232495525,1380.007724005708,49.63469598920284,26.79698705648625,2.0847508743450245,12.88633702537905,52.46452174789458,0,2026-09-03 06:33:50
2024-01-09 07:02:00,CNC-02,M,296.38070894433207,310.69219444147683,1768.4313060524676,42.5168340785237,47.19136725925501,2.3475275295456504,14.222567624048823,58.29795374954652,0,2026-09-03 06:33:50
2024-01-09 02:32:00,CNC-02,M,298.3078408500383,311.7720868821148,2528.2274468210235,21.64143041743157,192.0693937979034,3.636841610214195,10.444735841439906,55.13895373468754,0,2026-09-03 06:33:50
2024-01-09 13:58:00,CNC-01,L,298.8481491305668,313.3652789008761,1413.4521014362986,52.709439142308575,70.55054707878014,2.077692781057531,13.824712073430781,53.94397389166266,0,2026-09-03 06:33:50
2024-01-09 16:15:00,CNC-02,M,26.36862614226476,41.9454656729697,1629.9851430480908,48.321907027983876,0.0,2.7890677135793003,14.94616251785976,55.39240689734958,0,2026-09-03 06:33:50
2024-01-09 08:39:00,CNC-03,H,295.9127708411036,310.22464457272474,1695.6483699182436,40.0236379752297,161.2583611707072,2.6426149804360644,12.898970460870142,57.74302579120944,0,2026-09-03 06:33:50
2024-01-09 05:31:00,CNC-03,H,296.3858516824151,310.3532531451137,2085.8922805933375,33.02339170553119,127.512077838778,2.8092567263918866,12.830640060679094,59.1397821153064,0,2026-09-03 06:33:50
2024-01-09 11:48:00,CNC-02,M,302.80391196978616,310.37619717461786,1379.6554898355394,49.31176512377862,4.795585136505646,2.0481904593305487,12.797332580347103,48.81833348711402,1,2026-09-03 06:33:50
2024-01-09 07:13:00,CNC-03,H,296.0213523664372,309.7457483808314,1759.9407093189454,38.362143847950136,35.99690304002362,2.3532722554596273,12.452964757373202,61.50675861206112,0,2026-09-03 06:33:50
2024-01-09 21:17:00,CNC-02,M,300.307583395853,312.793839930533,2619.4063441704507,17.092335525693525,101.90574658293264,3.277206480217921,8.379712544190358,48.41842766756328,0,2026-09-03 06:33:50
2024-01-09 15:37:00,CNC-03,H,25.841830584063985,40.2098100201527,1635.8316660213393,46.20092402641042,64.6138823318965,2.398960675441951,14.304343523481881,49.75724007886045,0,2026-09-03 06:33:50
2024-01-09 13:58:00,CNC-02,M,298.25704046470804,313.36911116353014,1453.2169325061925,51.76030375352916,210.0362474104259,2.8766118918982104,14.030043850225162,54.266353698166036,0,2026-09-03 06:33:50
2024-01-09 14:59:00,CNC-01,L,298.76540606722074,,1758.7313537646346,47.16405191272537,164.58856135639095,2.840295143312024,15.489304575343182,54.006818500663,0,2026-09-03 06:33:50
2024-01-09 14:36:00,CNC-01,L,298.3827301925788,312.29991252434604,1476.2904899390105,43.46290810455982,129.4599201830724,2.307303618064946,12.109526679898972,51.641538151747916,0,2026-09-03 06:33:50
2024-01-09 22:16:53,CNC-03,H,305.86691401160687,312.4834428014539,2690.4747446772676,17.570508384789544,119.39804390871332,3.289464279147558,8.815561813681066,42.69640868375949,0,2026-09-03 06:33:50
2024-01-09 17:15:00,CNC-03,H,26.76588912967418,41.42581447316314,1858.1814622812653,38.853344760869085,205.19832757031173,3.0222006039277907,13.650740537115652,52.63188359623635,0,2026-09-03 06:33:50
2024-01-09 11:14:00,CNC-03,H,296.73908067633215,311.5474945902111,1398.303205648284,54.4055135861754,184.97333832673138,23.991989145274314,14.166043874391185,56.06194775133274,0,2026-09-03 06:33:50
2024-01-09 03:49:00,CNC-02,M,297.2920250642626,310.50771733512113,2383.095137535268,25.643896506562655,26.87504533765848,2.95220255382632,11.324831699179892,55.66282729017562,0,2026-09-03 06:33:50
2024-01-09 20:48:00,CNC-03,H,300.22663564531814,312.7628574661105,2493.608889193106,21.05441261992074,18.492065929733304,2.9301532904334624,9.6203217179942,46.32772189332335,0,2026-09-03 06:33:50
2024-01-09 14:20:00,CNC-02,M,298.5755613493508,312.5814561109305,1456.5479101880867,48.65963732914675,4.647848046791857,2.1106223754390103,13.253559904212304,51.94476183964731,0,2026-09-03 06:33:50
2024-01-09 03:48:00,CNC-01,L,296.7785033344221,309.70821071988263,2505.4601208262493,22.183847152899915,68.31816284303234,3.0130820255596045,10.237273809339932,54.61937004360835,0,2026-09-03 06:33:50
2024-01-09 21:22:00,CNC-01,L,300.9165160295093,313.1345639049627,2622.937507657449,18.800649551164028,25.71950459403004,3.1597417682271,9.374533514342405,45.73167705260154,0,2026-09-03 06:33:50
2024-01-09 05:46:00,CNC-02,M,296.87228352850417,311.59059732456717,2171.5786156810555,32.56493773153002,172.56463650247838,3.2059482410848505,13.133071928014052,60.31888362282919,0,2026-09-03 06:33:50
2024-01-09 05:39:00,CNC-01,L,301.6608583310588,309.6788876079426,2181.221573543709,28.651726600573575,205.86952930541733,3.5880955729799333,11.885706019533538,44.85962247275698,0,2026-09-03 06:33:50
2024-01-09 11:47:00,CNC-02,M,302.8437033729584,310.7718238944325,1355.4262525188108,51.68676351626314,3.195585136505646,2.0912412125201785,13.374590921954812,46.8685879983672,1,2026-09-03 06:33:50
2024-01-09 11:24:00,CNC-01,L,296.9873896384327,310.31823092448644,1342.4938982472067,48.73809902740907,55.22575476213439,2.026147961782446,12.131140178784678,56.53496276825643,0,2026-09-03 06:33:50
2024-01-09 02:14:00,CNC-03,H,298.33851328491875,311.6844170492268,2635.8147668908514,21.720854286450383,163.23187698380005,3.4539204000609836,10.536179100166665,55.95603271408858,0,2026-09-03 06:33:50
2024-01-09 21:03:00,CNC-01,L,300.72969412469337,313.0262677720131,2520.5909237635387,19.48053759850803,4.561516959878503,3.1408318672791404,9.284521029603232,51.28550589964634,0,2026-09-03 06:33:50
2024-01-09 18:08:00,CNC-01,L,26.79095934244873,40.790165773907006,2186.7844556944697,32.63443344699984,7.871046983515577,2.836227515052385,13.42976138102287,52.18284719963855,0,2026-09-03 06:33:50
2024-01-09 17:40:09,CNC-03,H,26.642096522835118,40.43586537130585,2083.377324341434,32.78587237272264,8.108586691054812,2.7127851104657354,12.814623132647291,52.89904546382426,0,2026-09-03 06:33:50
2024-01-09 03:43:00,CNC-03,H,297.6279248145264,312.1499324237891,2426.7452764988066,27.274663776280782,264.1665622829249,4.242543808238665,12.154575821814955,58.76459046655672,0,2026-09-03 06:33:50
2024-01-09 13:34:00,CNC-02,M,298.01282747489813,313.28374284042405,1443.654176585562,53.360855357486464,172.38033176794318,2.4790185356331245,14.408182107833198,54.71559556149391,0,2026-09-03 06:33:50
2024-01-09 14:08:00,CNC-01,L,298.5618191320573,313.18475706860926,1446.1295431998797,52.1893789857063,86.18449512394338,2.200624874922202,13.81962440150737,56.086995759350344,0,2026-09-03 06:33:50
2024-01-09 22:34:00,CNC-02,M,299.8956522268421,313.7458340432458,2610.0261802864247,22.296078224717327,186.6324726737488,3.688085481500935,10.824919506350605,49.52786463043707,0,2026-09-03 06:33:50
2024-01-09 11:13:00,CNC-01,L,296.98946995945784,311.2402813233821,1401.7809506770457,53.655016387602785,37.868925834394034,2.074827203954393,13.889799268260758,53.31893711707681,0,2026-09-03 06:33:50
2024-01-09 09:32:00,CNC-03,H,296.1716666057959,310.1276875411924,1622.818250529406,43.24193312967104,24.637324791194967,2.284834976688803,12.958546308117874,53.39648684883542,0,2026-09-03 06:33:50
2024-01-09 02:51:00,CNC-03,H,297.6877010443199,311.2267822701644,2336.6974909325786,24.277074423364986,204.75001737081027,3.505111266924653,10.690802667930964,55.54277889207675,0,2026-09-03 06:33:50
2024-01-09 07:08:00,CNC-01,L,295.82032514301346,310.0209356392597,1889.9778304842425,36.980006108593955,108.93929725899484,2.696311423118723,12.890063178709893,59.64211600131636,0,2026-09-03 06:33:50
2024-01-09 09:51:00,CNC-01,L,296.2911379929984,310.274531210745,1386.924172055249,48.179552842495,116.4238047415378,2.203948972029119,12.803049165507412,59.721449171657305,0,2026-09-03 06:33:50
2024-01-09 03:25:00,CNC-01,L,296.79382719674646,310.2855411604167,2329.302653811062,26.865501024793947,41.23301365575142,2.9194702823367815,11.815190253714954,58.107322083140836,0,2026-09-03 06:33:50
2024-01-09 06:41:00,CNC-02,M,296.55750164873047,310.72373721014003,1986.85250679667,38.252191879886524,17.791360065442845,2.51732038909623,14.192093942694354,56.66061978392436,0,2026-09-03 06:33:50
2024-01-09 12:14:00,CNC-02,M,297.3407496627722,311.5907292790246,1486.2037100546795,47.51244472832274,,2.183544044713347,13.13628212995502,55.51870503850229,0,2026-09-03 06:33:50
2024-01-09 13:32:00,CNC-01,L,298.20437393697205,312.2179810660467,1446.570632378026,49.45580323023307,29.94968276222361,2.146150474701265,13.239005369127659,55.636139565166616,0,2026-09-03 06:33:50
2024-01-09 11:06:00,CNC-02,M,302.61048175666247,311.7947388964944,1421.731675475787,54.001880452738824,187.2851754979463,2.5791339613186937,14.59008952747099,50.16946966605958,0,2026-09-03 06:33:50
2024-01-09 09:18:00,CNC-02,M,296.0175436838456,309.73435287757013,1461.806763248212,45.28688542580788,18.4226945211175,2.1746110236554936,12.165105620742038,56.72597396044566,0,2026-09-03 06:33:50
2024-01-09 01:04:45,CNC-02,M,298.725998018255,310.8327481463883,2563.9616807500715,16.86562808025641,98.46001027400585,30.811483609270667,8.179284144977842,57.82797022480716,0,2026-09-03 06:33:50
2024-01-09 21:30:00,CNC-01,L,300.68066302822274,312.8415129420172,2486.9654043694595,19.377648350745964,34.644778881444715,3.0378919666045383,9.170351679124863,49.358852967158185,0,2026-09-03 06:33:50
2024-01-09 09:28:00,CNC-02,M,296.3837058805317,310.5803217747012,1556.4561606921857,46.15395289740445,33.821606461652465,2.08608663492226,13.74333369131508,58.55681606883782,0,2026-09-03 06:33:50
2024-01-09 04:22:00,CNC-01,L,296.09068202486606,308.71663337908836,2483.1713399903224,20.200832627323912,109.23885530211496,3.088541797992249,9.226704277922387,60.03199095791536,0,2026-09-03 06:33:50
2024-01-09 12:40:30,CNC-02,M,297.6235670269302,312.283149999401,1414.890019298232,52.87375348243239,88.68859058411732,2.2103218666383433,13.72874641737346,55.965157552113475,0,2026-09-03 06:33:50
2024-01-09 19:08:00,CNC-01,L,300.140357651974,313.99427118359387,2204.383270849867,30.264309539449716,84.92624956440807,2.808624079615614,12.522037414608993,48.001136277147324,0,2026-09-03 06:33:50
2024-01-09 16:10:00,CNC-03,H,26.19500662708174,40.4311443550875,1723.0308148888898,41.17225545942741,113.02433773802133,2.4050106797466775,13.234865111492313,53.1559795657489,0,2026-09-03 06:33:50
2024-01-09 17:44:00,CNC-03,H,26.372968052922488,39.68988799060554,1954.2253364390522,33.02235413496809,12.14930940569724,2.5258325659424012,12.329683481181586,51.581117978680105,0,2026-09-03 06:33:50
2024-01-09 23:19:00,CNC-03,H,299.50845251792504,312.0633791957618,2636.3078888689547,17.20203061425114,184.9379139495375,3.6572993444752253,8.61011360270732,52.103494070618034,0,2026-09-03 06:33:50
2024-01-09 01:25:00,CNC-02,M,298.8547189288533,312.5552312680136,2562.725791077634,24.06515788625917,118.98548567362175,3.183676974393333,11.806959742400128,53.68565529106938,0,2026-09-03 06:33:50
2024-01-09 23:57:00,CNC-03,H,299.82626068898065,312.7581593716228,2755.941155328584,17.60144683704681,225.41322456852973,4.0271194177045455,9.161885362769436,49.08903325081736,0,2026-09-03 06:33:50
2024-01-09 22:36:00,CNC-03,H,305.57690045868117,312.8460898460072,2608.7248353121668,21.67783757983185,138.974403647437,3.2924167670095263,10.385331312352506,38.88868666806097,0,2026-09-03 06:33:50
2024-01-09 21:46:00,CNC-02,M,300.26264945934065,313.92998689884683,2535.6985472462698,22.72029454164457,134.36398104026668,3.3265471646091536,10.702475127951079,48.66180406056294,0,2026-09-03 06:33:50
2024-01-09 22:22:00,CNC-02,M,299.9219177859426,313.0527972130146,2522.8977607494558,19.505053731703264,173.6751497775477,3.4767992156794767,9.157951624378288,52.31590657860465,0,2026-09-03 06:33:50
2024-01-09 23:18:00,CNC-01,L,300.2881280538986,312.5429114260673,2742.3352735335748,14.140244559965646,151.84583876099347,3.64068773523682,7.297875071953303,56.265754444324955,0,2026-09-03 06:33:50
2024-01-09 01:24:00,CNC-01,L,298.28912700371876,310.71518255702887,2599.414093776923,17.77120544131059,97.36227362026892,3.174982900972745,8.55931705365017,57.052016022083635,0,2026-09-03 06:33:50
2024-01-09 13:19:52,CNC-03,H,298.173471185518,311.8816204449871,1217.5059602755491,53.20345447612584,115.72632115375751,1.9838438453701115,12.150532676362019,59.5335503633302,0,2026-09-03 06:33:50
2024-01-09 12:14:00,CNC-03,H,297.4424256392298,311.41796192909754,1434.2134711379383,49.5248445539177,9.564312943623799,2.1751707978694785,13.04039406803537,58.43709738789103,0,2026-09-03 06:33:50
2024-01-09 08:17:00,CNC-01,L,295.78779670844375,311.033147212202,1749.3708507790636,45.0574873358212,208.67036422454282,3.1931969835488148,14.883595602215403,58.05826530386353,0,2026-09-03 06:33:50
2024-01-09 23:57:00,CNC-02,M,299.3833519329473,311.49825436018494,2707.1489580152033,15.945121806967144,19.183885712276812,3.2922597083269824,8.195464407951423,,0,2026-09-03 06:33:50
2024-01-09 01:20:00,CNC-01,L,298.31119551957994,311.0585643499112,2624.0390215695747,19.756853937694288,92.94683784873746,3.2577219006692237,9.61319005961739,58.709578183163515,0,2026-09-03 06:33:50
2024-01-09 11:03:00,CNC-01,L,296.5468121701351,309.6936835621055,1334.9250547652243,46.15552026697196,22.132127454379827,2.005838391217449,11.616474198473842,53.947078473991986,0,2026-09-03 06:33:50
2024-01-09 20:57:00,CNC-01,L,300.82237525505116,314.2626352574287,2413.5920205746565,23.759319329758323,215.2130711698809,3.9176336267202356,10.514062881612814,51.170654203579396,0,2026-09-03 06:33:50
2024-01-09 18:53:00,CNC-01,L,300.74723279976206,314.641290589856,2144.3699786702346,31.55415692633722,65.89284221612702,2.6070988008683234,12.547701924568173,53.641389912768304,0,2026-09-03 06:33:50
2024-01-09 05:54:00,CNC-01,L,295.7584620135663,309.1381857221793,2110.604498517098,31.68601194208203,7.9413242080568045,2.703825551361773,12.715729624308134,57.32358047372207,0,2026-09-03 06:33:50
2024-01-09 06:01:00,CNC-02,M,296.77983719609244,311.392222416431,1932.8667594713693,37.46119575733526,192.55209844781197,30.562513901419802,13.497435802684018,53.93841555122998,0,2026-09-03 06:33:50
2024-01-09 03:30:00,CNC-02,M,297.81694095148146,310.2966836494102,2510.3158534009735,20.267046255484637,4.639752862504595,2.966991120749385,9.326415213721518,51.12641341339943,0,2026-09-03 06:33:50
2024-01-09 23:52:00,CNC-02,M,299.6229161557866,311.4594133384754,2701.22012770754,14.734444058753656,13.855474346728542,3.2678008591458743,7.462106663308134,51.01155173745246,0,2026-09-03 06:33:50
2024-01-09 14:30:00,CNC-03,H,298.73374580002354,314.43899434859026,1538.5822396741905,53.38985489937695,223.64837601530346,,15.240848445917672,58.03533916266804,0,2026-09-03 06:33:50
2024-01-09 21:55:00,CNC-01,L,300.4255949295735,313.20841237741746,2515.7460803192535,20.257137092684623,62.28988319908653,2.958591402177166,9.360642538657768,50.4268663872908,0,2026-09-03 06:33:50
2024-01-09 23:21:00,CNC-02,M,299.64609084461927,313.7745160200125,2867.8415404216794,19.582634217731215,237.06547267208498,4.47298643702238,10.391206879514575,49.472127466941124,0,2026-09-03 06:33:50
2024-01-09 14:58:00,CNC-03,H,298.78949991829774,312.862036130903,1523.3418858255707,47.4109556086904,6.131477382228219,2.112718777311074,13.51547417923827,53.102599607909525,0,2026-09-03 06:33:50
2024-01-09 15:53:00,CNC-03,H,26.178780574277653,40.02449422077473,1661.1659509023286,41.69982177022472,88.25724083086074,2.289021003455131,12.938800222445197,53.30776377324561,0,2026-09-03 06:33:50
2024-01-09 04:34:00,CNC-02,M,297.0509762840655,310.6118483280757,2245.994287536397,27.0675332205761,81.00386440807982,2.950394561955847,11.33402950435054,57.67370988444134,0,2026-09-03 06:33:50
2024-01-09 12:45:00,CNC-03,H,297.6419296844125,311.3963138859677,1364.293429607711,49.834836958872664,58.794914582065196,2.0412534748813944,12.693207351179055,56.07982806114271,0,2026-09-03 06:33:50
2024-01-09 18:11:00,CNC-03,H,299.9130255675297,313.5754796288058,2182.135656168864,30.827499336725925,48.041557781954516,2.6893331941885683,12.447863123447878,48.13612172450035,0,2026-09-03 06:33:50
2024-01-09 16:37:00,CNC-02,M,299.8080286401047,314.3758612239782,1774.0969497494543,42.910149042961535,1.4490483217782322,2.4894668924931627,14.115299420850574,49.16601380159917,0,2026-09-03 06:33:50
2024-01-09 08:26:00,CNC-03,H,295.8453316296919,310.79287437829134,1671.7984832870957,45.53749097324935,141.86530688171982,2.520831938121419,14.51115443920318,53.1747903455315,0,2026-09-03 06:33:50
2024-01-09 15:14:00,CNC-02,M,25.614702533123022,40.0362773230824,1603.463718980995,44.50996550200616,87.71670603751068,2.3239529101440453,13.589083174513117,52.561474205982044,0,2026-09-03 06:33:50
2024-01-09 01:55:00,CNC-03,H,298.2968791799775,311.29673986599835,2658.687627281489,20.56435341897838,142.35344416944747,3.410591456414777,9.90658204930294,55.54337750453294,0,2026-09-03 06:33:50
2024-01-09 07:25:00,CNC-03,H,295.8780280991136,309.34703926135467,1794.0869809978863,35.311085921623054,52.96576568072505,2.483620211936059,11.933138343081211,57.70831186536481,0,2026-09-03 06:33:50
2024-01-09 10:30:00,CNC-03,H,296.4409008592508,310.8171840321504,1404.8826731741758,50.03111620577672,115.48952574222974,2.072306013016989,13.182121281303413,59.78172685726769,0,2026-09-03 06:33:50
2024-01-09 13:13:00,CNC-02,M,297.8840689424731,312.2576590711374,1333.949734311017,51.81339408521357,139.14009326598497,2.137406056853519,12.79329701745297,54.61471016714641,0,2026-09-03 06:33:50
2024-01-09 02:52:00,CNC-03,H,297.7313484506515,311.51053134008646,2538.694048336076,23.009190722278696,205.90231209867196,3.6295970028655895,10.848335750264157,52.63924434669605,0,2026-09-03 06:33:50
2024-01-09 19:05:00,CNC-01,L,300.4241709203202,314.3466194998399,1931.2159546167675,33.88360474440013,81.13733154592398,2.576880296833021,12.216819647977685,49.10241230168513,0,2026-09-03 06:33:50
2024-01-09 18:26:21,CNC-01,L,300.5560644554119,313.4648715338955,2210.4311925997417,26.536430340688547,29.966183782428473,2.7540137952639703,10.728960701107631,49.18080671690902,0,2026-09-03 06:33:50
2024-01-09 07:07:00,CNC-01,L,295.9301342348029,310.23658161616123,1882.4512292872623,39.40235286268274,107.5579823398738,25.70271966031112,13.907852381167974,61.43969860947991,0,2026-09-03 06:33:50
2024-01-09 17:08:00,CNC-02,M,26.854176392544787,41.31101373262885,1995.8282637895147,36.8549794687925,44.8794690180915,2.632954242599525,13.847680755625937,50.387465385830275,0,2026-09-03 06:33:50
2024-01-09 16:07:00,CNC-02,M,26.302081992216586,41.12704171468232,1506.8493044176378,47.519455118334115,166.22921635922373,2.520168364090557,13.626665579081973,48.89733068880599,0,2026-09-03 06:33:50
2024-01-09 00:16:00,CNC-03,H,298.8279335964628,310.631696674568,2791.682108815727,14.583507092960748,36.366142608955094,3.254034263164711,7.5819877285323445,51.54802787029998,0,2026-09-03 06:33:50
2024-01-09 07:53:00,CNC-03,H,296.40194665316255,310.53402948324566,1712.0602734224476,41.90682939111707,93.2980368224445,2.3774505543503075,13.404248375129402,54.85922088665502,0,2026-09-03 06:33:50
2024-01-09 03:02:00,CNC-02,M,297.8990667147281,311.8636966770944,2582.7733634265855,23.54681891770197,226.21672973989484,4.075689131983064,11.39008419014233,53.663577609238004,0,2026-09-03 06:33:50
2024-01-09 01:56:00,CNC-03,H,298.24582417679045,310.96572971556907,2703.42129560242,17.579920852523664,143.40486162413998,3.331425099589403,8.897824890749819,53.015493115291854,0,2026-09-03 06:33:50
2024-01-09 01:04:00,CNC-01,L,298.40226730836287,310.2994643061718,2656.39253564682,15.16725488423746,75.58749400922311,3.2129041164775844,7.770302927248408,52.503673208476904,0,2026-09-03 06:33:50
2024-01-09 14:37:00,CNC-03,H,298.70959417144377,314.4267269583549,1524.07822605707,53.86789936322606,234.40414774816807,3.0202629348971675,15.250811090093396,59.14824934947401,0,2026-09-03 06:33:50
2024-01-09 19:55:00,CNC-03,H,300.58160914356,314.6205290166108,2453.933156553404,25.766905171374155,179.03200349052034,3.3550449595055825,11.912874110771055,53.42564130809174,0,2026-09-03 06:33:50
2024-01-09 13:15:00,CNC-01,L,298.3195238869433,311.9113635625493,1400.564486341626,49.328279964350926,3.147659126933377,2.137352468143,12.842777738913806,55.37873169409027,0,2026-09-03 06:33:50
2024-01-09 20:35:00,CNC-02,M,300.61721019069523,313.51873274160545,2443.347795233061,21.295953910133573,54.210644227917015,3.029105073588802,9.77072064536514,52.179986910677144,0,2026-09-03 06:33:50
2024-01-09 01:44:00,CNC-01,L,298.3893704304706,310.9672136874062,2629.9750748450483,18.163814504221346,119.1345329147619,3.3017550559871607,9.286623486074715,56.01106002194046,0,2026-09-03 06:33:50
2024-01-09 12:48:00,CNC-02,M,297.5935354729773,311.65480942577705,1389.8362934577628,47.520871431696314,99.73498157405574,2.089197843442925,12.360270261313284,59.2032044395307,0,2026-09-03 06:33:50
2024-01-09 00:24:00,CNC-02,M,299.00646944615346,311.29475769224354,2736.2485988149333,16.928937060882458,53.91488983950056,3.3089877095310802,8.952341752020796,52.62310746849365,0,2026-09-03 06:33:50
2024-01-09 00:21:00,CNC-02,M,298.93200566191706,310.67785252202185,2654.9166998983164,16.209390472993917,50.723560405355904,3.278989849972082,8.120094900978883,57.65198855266681,0,2026-09-03 06:33:50
2024-01-09 21:55:00,CNC-02,M,300.32567189550514,313.43186832013174,2572.76029026864,21.1675182933896,144.36329578291816,3.420795760771135,10.216422270812016,51.46084894272169,0,2026-09-03 06:33:50
2024-01-09 13:32:00,CNC-02,M,297.8786430754888,312.83795330119267,1435.6970917061708,52.01603573721998,169.2171590089021,2.5273687661059476,13.74202976483753,51.7191282786795,0,2026-09-03 06:33:50
2024-01-09 21:49:00,CNC-03,H,305.3073401836288,311.22021310856894,2527.599728910495,16.419981498694355,87.47166410785083,3.1685928963150314,7.8984144919679755,40.663246246489344,0,2026-09-03 06:33:50
2024-01-09 10:01:00,CNC-02,M,296.37852841423944,310.6761318743264,1583.9324574748816,46.20405007384616,84.9251023328566,2.32151287216011,13.915741335361988,60.36677967850414,0,2026-09-03 06:33:50
2024-01-09 00:51:00,CNC-01,L,298.7761927242766,311.2855534177298,2755.055281993605,17.711879283922016,61.663910212668924,3.25837443455984,9.090858862835711,54.47464442111179,0,2026-09-03 06:33:50
2024-01-09 20:08:00,CNC-02,M,300.35960617324656,313.1079981784181,2336.431405273907,22.328018896020755,22.542423569624766,2.9897661437037732,9.926564380566564,51.67602853513458,0,2026-09-03 06:33:50
2024-01-09 21:26:00,CNC-01,L,300.3716406062938,311.82211420042887,2697.0841258716655,14.876272876729551,30.10537933174813,3.200902369774904,7.686285451651548,,0,2026-09-03 06:33:50
2024-01-09 18:20:00,CNC-03,H,299.9541227186928,313.92008394880924,2147.9690296531644,34.130865343003165,59.79048569968819,2.721467873582023,13.78010141137984,51.50487510485774,0,2026-09-03 06:33:50
2024-01-09 10:00:00,CNC-01,L,296.2579027750726,310.73735499321907,1445.8578233683913,48.791819419346176,130.46192790789752,2.2414193012863683,13.072034240251437,57.88361518861833,0,2026-09-03 06:33:50
2024-01-09 03:17:00,CNC-03,H,297.5557958951173,312.1122888266462,2513.986509476662,27.35728654047053,234.38135619213472,3.929953301289305,13.109425609704783,59.42186842346148,0,2026-09-03 06:33:50
2024-01-09 07:43:00,CNC-01,L,295.99250826821105,311.2709084685808,1633.8511098103638,49.38326446528535,159.0035575305901,2.7448539996547003,15.120309485139428,58.97327405668569,0,2026-09-03 06:33:50
2024-01-09 20:00:00,CNC-02,M,300.5679899823691,313.250528567269,2272.69830132944,22.43012862797258,13.102744868998485,2.94136362692643,9.56143934471522,50.59256690640666,0,2026-09-03 06:33:50
2024-01-09 12:17:00,CNC-01,L,297.5005319610845,311.9879757973369,1440.545560145216,50.227363019742704,139.41793530528605,2.4069549389333385,13.536755575185966,58.205686714398325,0,2026-09-03 06:33:50
2024-01-09 15:19:00,CNC-01,L,26.00663637819372,40.84198522348555,1626.6004505847689,47.09188614087957,194.86014144120819,2.8408660445358946,14.379952837911892,51.67932431832918,0,2026-09-03 06:33:50
2024-01-09 10:30:00,CNC-01,L,296.5668622860017,311.2047981562624,1430.0311237265546,50.34158415369894,177.35765508452812,2.62999818895904,13.194243917821856,58.45292010551826,0,2026-09-03 06:33:50
2024-01-09 03:41:00,CNC-01,L,296.6518982089868,308.6855736154709,2488.6972272763933,18.459633186095918,59.923759179227844,3.0421359587905124,8.393599194317975,56.36770098320091,0,2026-09-03 06:33:50
2024-01-09 23:55:00,CNC-02,M,299.418762425197,311.5980721289287,2780.7808886046423,15.228153488444576,16.991191250093888,3.418978961996645,7.9650288634962765,49.94508197533872,0,2026-09-03 06:33:50
2024-01-09 01:02:00,CNC-03,H,298.4532511358684,310.62293861825856,2656.3766282644206,15.826015931125454,85.19634041856271,3.2381825452605018,8.051103936780258,58.02197887010805,0,2026-09-03 06:33:50
2024-01-09 11:09:00,CNC-01,L,296.9308547899318,310.753312555183,1393.931844779515,50.74170823272258,31.549087485625698,2.0242492257394935,13.23400238392394,55.2633810379305,0,2026-09-03 06:33:50
2024-01-09 20:25:00,CNC-03,H,300.150529164541,314.26567581726226,2437.324939575193,27.787290439764984,214.45763379368458,3.7661639968031055,12.644524950480688,53.86434903326002,0,2026-09-03 06:33:50
2024-01-09 14:47:00,CNC-03,H,298.57797733922234,313.40720096192723,1448.9243745228482,48.291683614876746,249.74741573317604,3.1975877595648368,13.189222704453542,53.61806983870125,0,2026-09-03 06:33:50
2024-01-09 22:52:00,CNC-02,M,300.09565882690276,313.65016943177403,2694.4477919282867,19.953241887617814,205.93398737253352,3.995091628507654,10.048871425701819,,0,2026-09-03 06:33:50
2024-01-09 09:12:00,CNC-02,M,296.21437458863915,310.3281763598893,1580.6771699195629,45.384577569378216,9.216755832122331,2.090553831625561,13.38395901647633,59.80444286339582,0,2026-09-03 06:33:50
2024-01-09 00:41:00,CNC-03,H,299.0231840195233,311.1069558988609,2727.1185423754005,,62.90053799587959,3.213612134546326,8.46588107104676,51.00388984660988,0,2026-09-03 06:33:50
2024-01-09 23:29:00,CNC-03,H,299.4511481681336,313.0684773744064,2550.109112916484,22.570092024126737,195.5782026049089,3.5932963798492144,11.010294721850592,53.00403221959697,0,2026-09-03 06:33:50
2024-01-09 17:52:00,CNC-03,H,26.698192599173808,40.72548986110439,2006.1263876562334,34.792899516696075,22.779258547139605,2.5486076148066563,13.006499810491702,53.04987525857834,0,2026-09-03 06:33:50
2024-01-09 00:04:00,CNC-03,H,298.76375135166455,10054.309166324922,2733.7316733200746,15.225716131937142,23.60023677614358,3.1842463695781853,7.663339062385175,52.362495740296616,0,2026-09-03 06:33:50
2024-01-09 11:17:00,CNC-02,M,302.62766397337214,311.7612284505011,1404.4689780853937,54.68068286240298,,2.645945029024296,14.420352595527381,42.55505922791303,0,2026-09-03 06:33:50
2024-01-09 18:49:00,CNC-02,M,300.70556497355693,314.8692768036183,2142.4394850576546,30.376827020438053,179.36570950598067,3.159040524241945,12.246852292807208,50.934510481289884,0,2026-09-03 06:33:50
2024-01-09 07:53:00,CNC-02,M,296.2152267200173,310.3291659458855,1808.1475214454122,37.98098384440824,119.62015261350767,2.5549124735607496,12.712132493456805,56.79775199461795,0,2026-09-03 06:33:50
2024-01-09 14:17:00,CNC-01,L,298.2690344490194,313.2729095219421,1449.5050721545583,0.0,100.24456329123915,2.2258453315760387,15.12898552818009,57.7095225341991,0,2026-09-03 06:33:50
2024-01-09 14:35:48,CNC-02,M,298.501033004611,312.1264688867553,1386.481938283509,46.37071477242716,27.99350805549267,2.093536537251279,12.05242237093387,55.666221969074805,0,2026-09-03 06:33:50
2024-01-09 08:17:00,CNC-03,H,295.8649316127841,309.832804815381,1708.3300776700842,39.55515306432664,128.3877418583122,2.4781856015471564,12.75096012859141,56.13770336591833,0,2026-09-03 06:33:50
2024-01-09 22:39:00,CNC-02,M,299.9107280967313,313.7739506330832,2675.1625197614744,21.533285164306307,192.05672598938048,3.8200986162691004,10.682505962139018,47.314940424180236,0,2026-09-03 06:33:50
2024-01-09 05:30:00,CNC-01,L,301.7127035827355,310.40534685615006,2055.562460537563,34.61817332399948,194.35641485563454,3.3481920098115197,13.28619390050897,47.75893059843408,0,2026-09-03 06:33:50
2024-01-09 18:19:00,CNC-02,M,300.4867397119293,315.24528384447194,2028.9316881837158,35.47697298398214,140.7271588553785,2.8179690465697877,13.350503747827677,53.6523070158325,0,2026-09-03 06:33:50
2024-01-09 04:47:00,CNC-02,M,297.1809820199132,310.3756803902513,2330.115638946834,24.69073374729408,97.0177164536992,3.052465490608481,10.342866716231187,54.15489356025042,0,2026-09-03 06:33:50
2024-01-09 08:49:00,CNC-01,L,295.67957730410694,309.8082859576037,1527.7877019384364,48.32244325010922,21.270765576111362,2.111927335465717,489.1990692151501,57.95582174976306,0,2026-09-03 06:33:50
2024-01-09 11:59:00,CNC-03,H,297.0024547665683,312.3203139476921,1419.4813069927684,53.65613699599929,256.1728573565251,3.1305222077596757,14.135749687186975,57.47600952949102,1,2026-09-03 06:33:50
2024-01-09 21:48:00,CNC-03,H,305.62495215516856,312.7243692051317,2504.4219658004395,22.267050314745426,86.36947849952207,3.052541597263349,10.606434842891057,43.56865340618546,0,2026-09-03 06:33:50
2024-01-09 00:21:00,CNC-01,L,299.0985281405577,310.89905035758574,2703.538957115073,16.424266803803192,29.57990294810007,3.142668841720734,8.359579648334028,47.94176269727942,0,2026-09-03 06:33:50
2024-01-09 05:52:00,CNC-01,L,296.1352348184475,309.4132711258211,1984.1097462475088,31.938297151826088,5.301378340515985,2.6299919866894212,11.73390483143482,60.26794338358151,0,2026-09-03 06:33:50
2024-01-09 17:54:00,CNC-02,M,27.35434159492371,41.77758184787666,2082.5246118943946,34.027241774999446,107.6228739297629,2.8106557424116905,13.303447440920454,45.972832067506985,0,2026-09-03 06:33:50
2024-01-09 22:26:00,CNC-01,L,300.621954011978,311.9474880973777,2626.753505019956,13.509879203032085,95.8478775413901,3.2382145970013516,7.001910292584786,47.79758468025958,0,2026-09-03 06:33:50
2024-01-09 19:34:00,CNC-01,L,300.453505737199,314.1745638859101,2353.203824057305,27.597797980220893,116.96941639157535,3.08308302944335,12.441286422113219,48.924353845059905,0,2026-09-03 06:33:50
2024-01-09 15:42:00,CNC-03,H,26.002486623807215,39.94379453352798,1584.4458290269579,44.556718633384776,72.07480754072915,2.246367043109757,13.008816758867932,53.17831766718288,0,2026-09-03 06:33:50
2024-01-09 05:36:00,CNC-02,M,296.6342514213363,311.0380070616303,2145.6573749149625,32.057969357178976,159.54180372970654,3.1031480015193207,12.846303784400007,59.123716223379176,0,2026-09-03 06:33:50
2024-01-09 15:00:00,CNC-02,M,298.82398702184094,313.13129834540985,1550.4505392420317,45.092583326571855,66.43196448370384,2.223137801120666,13.06239131189365,57.33903484306513,0,2026-09-03 06:33:50
2024-01-09 10:32:00,CNC-02,M,302.02724355363216,310.6270522621803,1463.0518425192545,48.585392602671774,133.3378607463079,2.287902857332353,13.474562148541523,53.554940093142925,0,2026-09-03 06:33:50
2024-01-09 22:13:00,CNC-03,H,305.44046032563006,312.2145639099466,2706.2611083799725,18.751103462808175,113.98705392497347,3.3230722451863124,9.546154624450292,38.26045915405018,0,2026-09-03 06:33:50
2024-01-09 03:08:00,CNC-03,H,297.8210869513853,311.2516172932002,2539.542104791129,21.709900504717705,224.10539088035807,3.674869356429383,10.33203344559066,55.29524429854791,0,2026-09-03 06:33:50
2024-01-09 10:39:00,CNC-03,H,296.68048682921915,311.0782387318285,1439.6345789645543,47.81272891868256,129.60048004246443,2.224026597883069,13.001171305070798,53.52217894262452,0,2026-09-03 06:33:50
2024-01-09 18:24:00,CNC-02,M,300.71688793394026,314.9227388758909,2218.9486245207854,30.124258958470236,147.19480601044933,3.173027139395662,12.548442326376115,53.904153225573694,0,2026-09-03 06:33:50
2024-01-09 19:21:00,CNC-01,L,300.4366738612278,314.1486785398089,2300.861138559214,27.91476171479914,101.03920945112685,2.976994104673423,12.015016567958394,54.16252943561034,0,2026-09-03 06:33:50
2024-01-09 01:08:00,CNC-01,L,298.5539428323462,310.91727153931464,2613.5449086235562,18.069799103867595,79.89867963302154,3.1106771600728043,8.691930031476838,52.99803988136161,0,2026-09-03 06:33:50
2024-01-09 05:24:00,CNC-02,M,296.650019175636,310.5592466279865,2190.23137820261,28.470491910810146,143.90986969556678,2.999380486776354,11.583567979464371,54.28366402685886,0,2026-09-03 06:33:50
2024-01-09 07:57:00,CNC-02,M,296.4161622650538,311.16657899482595,1744.2361214214695,42.835930422468614,125.46956787911658,2.49327463831388,14.004146687993744,54.75837323189415,0,2026-09-03 06:33:50
2024-01-09 15:50:00,CNC-02,M,26.273268189294072,41.42987653374075,1718.4496513905692,46.126699097746645,141.35952248022625,2.502712547368429,14.7193618917058,53.05756890037657,0,2026-09-03 06:33:50
2024-01-09 21:45:00,CNC-01,L,300.83240656038697,313.0092267721611,2600.081702910695,18.303197821356264,51.23803158470541,3.1697685553954678,8.705513497853959,50.172508726194295,0,2026-09-03 06:33:50
2024-01-09 09:51:00,CNC-03,H,296.15097474007325,309.9091591843637,1311.1889332869018,51.35537196354029,54.09403313048894,1.9149058971385353,12.670214348708027,59.79898909341719,0,2026-09-03 06:33:50
2024-01-09 09:37:00,CNC-02,M,296.48413553702807,311.126034805136,1642.214154114157,46.49919016283246,47.59357710476485,2.2432870039917576,14.244053421418258,59.05624432064816,0,2026-09-03 06:33:50
2024-01-09 15:56:00,CNC-01,L,26.20690651327709,39.87972703050417,1609.150019244619,41.340560978875594,23.626555203284347,2.278278554800172,12.496584436284332,52.88039824010949,0,2026-09-03 06:33:50
2024-01-09 07:07:00,CNC-02,M,296.46617757117957,310.5796081026759,1874.6319976700368,36.49572909369908,54.13196560341404,2.5358984443267873,12.812898366457784,56.92038709848706,0,2026-09-03 06:33:50
2024-01-09 11:12:00,CNC-03,H,296.61188924505433,310.9521955215376,1339.5881318219276,50.53791972557385,181.7733383267314,2.3058516039305283,12.66403852037653,57.026691675559796,0,2026-09-03 06:33:50
2024-01-09 04:00:00,CNC-01,L,296.6029421475202,309.76170045627106,2287.5131040892225,24.413578187633863,82.75263361625552,2.934144532772578,10.277361634855984,60.00606693955289,0,2026-09-03 06:33:50
2024-01-09 03:16:00,CNC-02,M,297.764921858848,312.0259378503743,2417.505690825178,26.743534286466115,242.39718295278166,4.167814249548787,11.867230662301907,53.73220207043315,0,2026-09-03 06:33:50
2024-01-09 17:59:00,CNC-03,H,26.84521424847435,40.49635741047848,2087.372461763674,31.438471314395844,32.23117380222635,2.735834358700033,12.29004734968892,52.3353845877608,0,2026-09-03 06:33:50
2024-01-09 05:33:00,CNC-02,M,296.9006063809078,311.62128758990633,2057.8182419764244,34.294743003410794,155.6667515860344,2.9477969505710027,13.42538641649285,57.814988834521564,0,2026-09-03 06:33:50
2024-01-09 12:39:00,CNC-02,M,297.5699743203208,311.8851177702541,1395.1285948770894,50.008041289095544,85.56376938641101,2.082980975642017,13.160077142633737,54.00430883452205,0,2026-09-03 06:33:50
2024-01-09 13:40:00,CNC-02,M,298.08741743244684,313.1789681612382,1437.634226084729,52.912439796575605,181.72672888486673,2.5006008733023326,14.039151973597425,55.72843868680623,0,2026-09-03 06:33:50
2024-01-09 22:45:00,CNC-01,L,300.0238344988414,312.2949975074955,2800.1991190822896,16.05119602604675,116.37389780763792,3.5635920248064554,8.45384367432559,51.0721546963677,0,2026-09-03 06:33:50
2024-01-09 01:08:00,CNC-02,M,298.7838704992391,310.94588875195916,2514.313293379534,17.379143638204607,100.65846675752813,3.2163477632247837,8.220679012378383,53.506714852203466,0,2026-09-03 06:33:50
2024-01-09 16:03:00,CNC-01,L,26.295203432360893,40.192779253539015,1590.4072928415628,42.48468670519849,33.95490850365591,2.207994979314367,12.752804398021661,51.29706262156183,0,2026-09-03 06:33:50
2024-01-09 09:25:00,CNC-02,M,296.3689253848467,309.8516514671187,1444.6821453336843,43.72203984998691,29.218525321605348,2.0652452792214775,11.790910543280786,58.34567777400089,0,2026-09-03 06:33:50
2024-01-09 00:58:00,CNC-02,M,298.80655847768026,310.6151418695784,2754.752200169975,14.249954841503076,89.73999578045661,3.369614478208885,7.376500918429425,51.7669125596604,0,2026-09-03 06:33:50
2024-01-09 20:02:00,CNC-02,M,300.6995007097859,313.51109197735576,2402.9228030538206,22.104616198861944,15.487538730391165,2.9432324948999535,9.725524465240987,49.178491060988854,0,2026-09-03 06:33:50
2024-01-09 15:49:00,CNC-01,L,26.144938316864,39.94114858831921,1696.6442753038611,40.041239561894955,13.327083449004592,2.353486242815871,12.628542646190144,53.37242283767254,0,2026-09-03 06:33:50
2024-01-09 16:41:00,CNC-03,H,299.6499840163833,314.4423828819709,1745.8751089868292,42.871614567205434,157.64500520579512,2.7443455798480194,13.971559339324408,51.47577719353541,0,2026-09-03 06:33:50
2024-01-09 02:17:00,CNC-01,L,297.4655676113807,310.378425553045,2526.9126161474646,18.917093818414955,155.21685628380075,3.3865072666505927,8.963368808963246,60.75610580106889,0,2026-09-03 06:33:50
2024-01-09 16:20:00,CNC-03,H,299.37158028736826,313.6870678882264,1829.6737468590366,37.7894327749298,127.51595040491665,2.562197984888979,12.866733882398623,53.887314699893814,0,2026-09-03 06:33:50
2024-01-09 21:12:00,CNC-01,L,300.42094337759966,312.12643723928056,2584.335826571993,15.879667806118892,14.58785171351703,3.159408300361518,7.687777309870519,50.90186079501224,0,2026-09-03 06:33:50
2024-01-09 03:46:00,CNC-01,L,296.74862612161996,309.9890755298778,,26.173968514705592,65.95031423606383,2.8407997673384866,11.09594378167005,53.81307875593209,0,2026-09-03 06:33:50
2024-01-09 23:52:00,CNC-03,H,299.49297050346047,312.83406054772956,2708.3234313028315,18.59953066594112,220.18618870968405,3.908870217683649,9.401193460523519,52.31108120127741,0,2026-09-03 06:33:50
2024-01-09 13:59:00,CNC-02,M,298.37704403452864,313.75605877642425,1458.7678708399503,52.72198946811114,211.60191278098623,2.8978628497477326,14.312922670298583,55.50796507428187,0,2026-09-03 06:33:50
2024-01-09 20:56:00,CNC-02,M,300.54511611678936,313.08716426601256,2540.2412076868695,18.43438232451774,78.09273307290377,3.1566398622764154,8.45594614632012,53.44903567484717,0,2026-09-03 06:33:50
2024-01-09 13:45:00,CNC-03,H,298.303495979859,313.2839666250734,1582.788604072848,48.10869300731924,153.6235179018042,2.3058161463481706,14.295212667795047,53.356810537644044,0,2026-09-03 06:33:50
2024-01-09 16:13:00,CNC-03,H,26.139278877039658,40.922814887982554,1705.2581382378917,44.75064804388967,117.47263772395976,2.366108611315402,14.140993935166307,54.09254561247282,0,2026-09-03 06:33:50
2024-01-09 00:03:00,CNC-01,L,298.9145028734975,310.083053802912,2630.052411622492,13.581057224703702,10.490551005596057,3.1536195266870553,6.785730582812569,48.64223457949086,0,2026-09-03 06:33:50
2024-01-09 22:26:00,CNC-02,M,300.45106140023717,313.9366937338661,2738.4558084404634,18.07260403468475,177.9916008021102,3.681124670735168,9.460065320797582,50.33408841572795,0,2026-09-03 06:33:50
2024-01-09 22:23:00,CNC-01,L,300.58861841438335,312.6230358438208,2592.073788006905,16.361158862870468,92.58121437770109,3.2338088365580817,7.92004168415581,55.2432331983401,0,2026-09-03 06:33:50
2024-01-09 13:12:00,CNC-01,L,297.9739970165497,313.4015301169907,1397.652708113977,57.16245950745094,226.61014130432957,3.1990988512426055,14.865354384152244,56.36621472099215,1,2026-09-03 06:33:50
2024-01-09 04:05:00,CNC-03,H,297.0829877006357,309.6761280847121,2237.377741778441,23.167876615896116,20.326060838851927,2.754942492735381,9.379564162736047,0.0,0,2026-09-03 06:33:50
2024-01-09 14:31:00,CNC-01,L,298.55439938178876,312.67103385593566,1524.149527788616,45.62460349921606,121.71934820780369,2.360357545248122,13.043337558715924,51.253881972532746,0,2026-09-03 06:33:50
2024-01-09 20:54:08,CNC-03,H,299.87480966336545,312.216596728127,2504.882397162713,19.633202206460865,25.38539963581383,3.08567296481805,9.143183340990376,46.02775961428772,0,2026-09-03 06:33:50
2024-01-09 07:56:00,CNC-01,L,296.06038434223484,310.94521317859557,1722.985566131924,44.347450913888764,177.90156058464115,2.9221029079494523,14.331409651290802,58.26927850351324,0,2026-09-03 06:33:50
2024-01-09 20:35:00,CNC-03,H,300.18602209544645,312.74249480840797,2281.1029716100393,23.382460862677068,3.442100988147134,2.824746013226848,10.056381514574326,52.088019807998236,0,2026-09-03 06:33:50
2024-01-09 20:39:00,CNC-03,H,300.18367351646015,312.27775237713803,2559.677892153816,,7.998437940002647,3.05103575168689,8.885429798393401,50.85022735728343,0,2026-09-03 06:33:50
2024-01-09 13:07:00,CNC-03,H,297.6181822575199,311.58445134106483,1559.832568522385,44.26124639801383,93.54455976339759,2.202520647477905,12.877566586981176,52.04664315119464,0,2026-09-03 06:33:50
2024-01-09 14:18:00,CNC-02,M,298.48850448956676,312.30181698907666,1500.957829857512,46.95826221178076,1.556929337935407,2.164766346589083,13.381838245426628,57.43358052644243,0,2026-09-03 06:33:50
2024-01-09 19:38:54,CNC-03,H,300.727339498035,314.05575404445847,2378.4298473954136,22.7517707780277,159.66308683143123,3.15060910653201,10.298195787397775,49.67563514748349,0,2026-09-03 06:33:50
2024-01-09 03:07:00,CNC-01,L,297.16495227546926,309.15271715452275,2573.6484601348075,17.945724874691816,20.385487367143607,3.1040172875517382,8.607663221744275,55.76438318847164,0,2026-09-03 06:33:50
2024-01-09 07:35:00,CNC-03,H,295.9807126930981,309.8860011221961,1786.091467173426,38.62655417722789,67.21153933529604,2.487227426976154,12.916740259866295,57.38508328828362,0,2026-09-03 06:33:50
2024-01-09 12:44:00,CNC-02,M,297.7377647671525,311.6759879824491,1346.3351454325534,49.22734048087829,93.41286816198757,2.0676917587466885,12.409109813597546,54.696264590334984,0,2026-09-03 06:33:50
2024-01-09 14:18:00,CNC-01,L,298.30214020360336,,1464.7856767899932,48.89425487428416,101.79176769923177,22.404795597556955,,56.957692289150124,0,2026-09-03 06:33:50
2024-01-09 03:30:00,CNC-03,H,297.42064273661384,311.90927126621045,2524.0841529489558,26.22857958719898,249.1997942420163,4.050669258798937,12.130086823048583,58.638641539729726,0,2026-09-03 06:33:50
2024-01-09 09:40:00,CNC-02,M,296.4559141925042,310.70633800153144,1450.5099672457304,49.97297982032511,52.29306601968053,2.134477341704891,13.565024577720807,61.709506742023976,0,2026-09-03 06:33:50
2024-01-09 13:33:00,CNC-02,M,297.93084634477196,313.18354515724985,1445.2432943415972,54.848402671549835,170.81669035680187,2.425020379326644,14.794247754322397,47.341887103462675,0,2026-09-03 06:33:50
2024-01-09 07:01:00,CNC-03,H,295.77590998027785,309.50848909425576,1972.3224466694446,36.10258435347586,19.120707651592696,2.582603390891893,13.065521347512384,61.01448437238958,0,2026-09-03 06:33:50
2024-01-09 18:44:00,CNC-01,L,300.57450230600386,313.81884120799094,2224.8887003673876,26.47886692793942,54.48513819440106,2.8452132701926285,11.067478779357607,52.14657443890612,0,2026-09-03 06:33:50
2024-01-09 23:51:00,CNC-01,L,299.80788308876697,312.31670587447746,2793.7560319117897,16.33309375520594,186.64773469237846,4.087346686327771,8.559040336421702,49.57423094399887,0,2026-09-03 06:33:50
2024-01-09 16:05:00,CNC-01,L,26.19783265148152,40.30560538892382,1712.004939310925,43.22576653353594,36.81066487306135,2.3189221399524844,13.631578796204815,51.959535332413104,0,2026-09-03 06:33:50
2024-01-09 23:59:00,CNC-02,M,299.5524587145234,311.46130034488056,2726.09697081775,14.902836802254125,21.27724042486869,3.2680308895540433,7.681806447728146,49.52098097805133,0,2026-09-03 06:33:50
2024-01-09 12:35:00,CNC-02,M,297.5528788424651,311.6636922649762,1348.2291337528168,51.27667391492176,79.27545451122674,2.0425477359715285,,54.42346506789073,0,2026-09-03 06:33:50
2024-01-09 11:18:00,CNC-02,M,302.54769415618694,311.43101385316413,1405.687279050812,51.59868814540326,206.25187862912708,2.7142115098779183,13.604876103087483,46.88942448222228,0,2026-09-03 06:33:50
2024-01-09 07:31:00,CNC-03,H,295.9004709745414,310.6635275150013,1737.0208897786993,44.94740551396486,61.468557875764134,2.3775761600438985,14.438294219683034,59.85742067373355,0,2026-09-03 06:33:50
2024-01-09 01:04:00,CNC-03,H,298.4643539979947,309.90449219153027,2767.1456360528828,13.26330525414525,87.30713619427331,3.296877041400414,6.639361043943657,55.88690218164024,0,2026-09-03 06:33:50
2024-01-09 17:53:00,CNC-02,M,27.482829355979106,42.263578846722055,1962.992878237907,36.959420313219326,106.29373035569787,2.7503003511076805,13.56255831394543,47.204665597047935,0,2026-09-03 06:33:50
2024-01-09 00:03:00,CNC-03,H,298.8507079063115,310.0215786721131,2701.790711327033,13.275474617395314,22.534468524896162,3.2698360157620154,6.819108187161876,56.08808941774771,0,2026-09-03 06:33:50
2024-01-09 13:38:00,CNC-01,L,297.9343608866234,312.00782367647014,1378.170057254926,51.057084071648475,39.344754189135166,2.083878357325531,13.050386465764293,51.63975171096151,0,2026-09-03 06:33:50
2024-01-09 22:24:00,CNC-01,L,300.1384513475394,313.35938363967483,2567.250475698726,22.01591159176799,93.70549371981811,3.198300134628134,10.634350488478233,46.376897857145174,0,2026-09-03 06:33:50
2024-01-09 11:12:00,CNC-02,M,302.49467961124,310.926562535574,1350.405682827829,51.17591152978458,196.7175214192044,2.627015029074945,13.067974084096434,45.60803469972614,1,2026-09-03 06:33:50
2024-01-09 19:22:00,CNC-01,L,300.429782967621,314.13888187195045,2298.05359328487,28.137320610162906,102.26411660555888,2.899194693249564,12.100852872139468,47.00419760970065,0,2026-09-03 06:33:50
2024-01-09 01:15:00,CNC-01,L,298.47649817363674,310.7645896949317,2736.217023728173,16.014720250348716,87.4958797587568,3.302435563758516,8.24726282918119,60.06432601597461,0,2026-09-03 06:33:50
2024-01-09 22:38:00,CNC-01,L,0.0,312.10849242428833,2759.4168296482726,14.314143221001139,108.80425342621751,3.468404110878209,7.328729793539637,50.607953436448504,0,2026-09-03 06:33:50
2024-01-09 12:39:00,CNC-03,H,297.3623086993035,311.3761005775148,1324.9557606612925,51.7034395798382,49.2848141917546,1.99102949061094,12.601650015918727,55.52378694592697,0,2026-09-03 06:33:50
2024-01-09 17:16:00,CNC-03,H,26.458317280843232,41.188188979506265,1939.397039381071,37.18169155644548,206.5698859306815,3.0472890770086303,13.522208578860127,49.33336282520452,0,2026-09-03 06:33:50
2024-01-09 22:48:00,CNC-02,M,300.0175760345817,313.7613517495617,2702.319540622959,20.578665571768266,201.60387177023557,37.50431372115476,10.376580548089581,51.96966013202029,0,2026-09-03 06:33:50
2024-01-09 11:15:00,CNC-01,L,297.22247494415427,311.4271294419691,1465.2368182621876,51.01664264268351,41.049117470248945,2.09845047489357,14.146135422390227,59.545341166252804,0,2026-09-03 06:33:50
2024-01-09 02:07:00,CNC-02,M,298.5813526952379,310.9313298803808,2577.422992385995,15.882449667678774,164.36422801270726,3.516671807316499,7.706091471295685,52.12731913146648,0,2026-09-03 06:33:50
2024-01-09 10:10:00,CNC-03,H,296.14277122195443,309.8035470473194,1271.3472414261878,53.481041517875255,83.89745064675422,1.9593195440116675,12.890143570997738,60.74890366333104,0,2026-09-03 06:33:50
2024-01-09 04:05:00,CNC-02,M,297.40505712020155,310.90886390506745,2538.879228002773,24.171102932932524,46.130127069721425,3.079348962080536,11.461208868933067,56.515492391719185,0,2026-09-03 06:33:50
2024-01-09 17:03:00,CNC-01,L,300.25471354027735,314.6581429565954,1902.2414378755084,38.70030194439222,119.51269606255659,2.6162863739476205,14.068291634909055,53.364547461797265,0,2026-09-03 06:33:50
2024-01-09 14:40:00,CNC-01,L,298.32471707799084,312.6585969973666,1370.7679622292196,51.173013141853595,135.56457009547285,2.2769512417367483,12.902689373705421,53.50434985686981,0,2026-09-03 06:33:50
2024-01-09 06:09:00,CNC-03,H,296.2827963011653,310.94209316843114,1999.057720867631,36.00593486408603,177.68028533545768,2.9074428942562487,13.29970102270566,62.60654693274532,0,2026-09-03 06:33:50
2024-01-09 23:35:00,CNC-01,L,300.1717445647422,313.42348605433375,2691.876769056946,19.778886979644945,169.70593935717096,3.6517123970024765,10.224638315438856,49.14702039759867,0,2026-09-03 06:33:50
2024-01-09 03:38:00,CNC-01,L,296.94884224612747,309.4661568364879,2500.0502737050615,20.28333192585113,56.39225006039158,,9.728652776000429,59.841662104567405,0,2026-09-03 06:33:50
2024-01-09 03:29:00,CNC-03,H,297.42627566092096,311.39749891735124,2565.7974505685024,24.330201912941178,248.05790737961283,4.085860834743151,11.695678321880534,53.311059500086586,0,2026-09-03 06:33:50
2024-01-09 13:33:00,CNC-01,L,298.3795139358511,312.3355839435867,1372.7185206835977,50.49463399071313,31.54968276222361,1.9611892033419174,12.65750121682598,55.666186505494075,0,2026-09-03 06:33:50
2024-01-09 20:24:00,CNC-02,M,300.47920032210305,312.3480145306625,2492.7206580322627,16.452958346556464,41.392241208806986,3.0869727317059135,7.634427286214687,50.97300463662489,0,2026-09-03 06:33:50
2024-01-09 17:39:00,CNC-01,L,27.28973150200784,42.101299398837114,1847.4827842043082,40.97517598054839,169.18850172794103,2.8829295427688995,14.432666047247334,50.50655822236376,0,2026-09-03 06:33:50
2024-01-09 22:16:00,CNC-01,L,300.558882043281,312.8366739368164,2557.1514476029233,17.99980009080182,85.09699914878539,31.614875302656827,8.84755702974968,49.63859955245963,0,2026-09-03 06:33:50
2024-01-09 20:19:00,CNC-01,L,300.3679612372142,313.17659333525097,2377.502698211023,21.479955819097427,170.8753570111494,3.4403251466011677,9.642061938867535,46.368412696973046,0,2026-09-03 06:33:50
2024-01-09 05:04:00,CNC-03,H,296.21650925503553,310.0331426349827,2100.6086202440893,30.913547956029763,93.20794522175494,2.672977899373816,12.245699081935472,57.820234569565585,0,2026-09-03 06:33:50
2024-01-09 02:33:00,CNC-03,H,297.9889450607891,310.881191682077,2622.208788916953,18.23870827060622,184.36634130741993,3.528415187959042,8.654697338720727,55.0641621752042,0,2026-09-03 06:33:50
2024-01-09 12:16:00,CNC-03,H,297.337942457793,311.0750899842366,1393.0417743814762,48.86904214386086,12.764312943623798,2.0511857860468163,12.801840809081186,52.8297629318011,0,2026-09-03 06:33:50
2024-01-09 05:53:00,CNC-01,L,296.130826765083,309.68933834203585,2051.788920835009,33.38115377905811,6.6350150692085546,2.5787015105070763,12.988217782565616,59.111358634107646,0,2026-09-03 06:33:50
2024-01-09 05:08:00,CNC-01,L,301.45383230667994,309.92468180787193,2206.845230359792,32.04663975415669,166.20043456093785,3.2507724890036425,13.465549600980818,47.85250569243694,0,2026-09-03 06:33:50
2024-01-09 21:32:00,CNC-02,M,300.2152325141126,313.81528630498207,2496.9149211524386,23.771618348672,118.77558807531176,3.2108930743833537,11.372876122326623,54.20082475122409,0,2026-09-03 06:33:50
2024-01-09 11:50:00,CNC-03,H,296.86689417266695,312.3001349335568,1545.0021062898036,53.253100683654466,241.945106952308,3.0938471436391017,15.39674312315114,60.82499065263464,0,2026-09-03 06:33:50
2024-01-09 05:23:00,CNC-01,L,301.6783631028959,310.0547204893988,1955.63442107888,35.95014142062263,185.32539497264167,3.0861900857413795,13.262818573526387,45.2438400657608,0,2026-09-03 06:33:50
2024-01-09 16:05:00,CNC-03,H,26.3220055528069,40.711248182870804,1636.5968765489858,44.46124042992134,105.86258747573267,2.2492176263885657,13.598716177071,55.369854215710426,0,2026-09-03 06:33:50
2024-01-09 10:42:00,CNC-01,L,296.74493135945363,311.5439117681331,1430.5787312758473,51.73385675472031,196.29214481322126,2.770861527906954,13.808483022202454,56.25171693058751,0,2026-09-03 06:33:50
2024-01-09 11:49:00,CNC-02,M,302.9304608699536,311.15692110211904,1365.6332006967884,53.953728465317916,6.395585136505646,2.0567049202889667,13.458498426154485,43.87174730478314,1,2026-09-03 06:33:50
2024-01-09 21:36:00,CNC-02,M,300.1514998506109,313.14303032830077,2453.496479490718,20.185991242677346,123.35224524372792,3.1185222350677733,9.29514571881528,52.1097470521048,0,2026-09-03 06:33:50
2024-01-09 01:45:00,CNC-01,L,298.1706016522059,309.44564798893333,2769.196403142784,11.243659100259364,120.1645329147619,3.5259332271446775,5.84439214357788,56.45717287998768,1,2026-09-03 06:33:50
2024-01-09 08:33:00,CNC-03,H,295.95660001614465,310.38924232452644,1818.1649492976378,39.714386229539585,152.29438388999833,2.6164985229934343,13.31426211091846,60.15180011759285,0,2026-09-03 06:33:50
2024-01-09 07:56:00,CNC-02,M,296.3504861457838,310.79378513895597,1642.330336504027,44.14855484244024,124.0244403641771,2.3652468331920242,13.851067927827934,56.46616997059733,0,2026-09-03 06:33:50
2024-01-09 12:47:00,CNC-02,M,297.6529042489281,312.5846462769402,1406.1738810267038,54.857236180672345,98.16901350588066,20.746059390366305,14.336746127167922,53.646928391305245,0,2026-09-03 06:33:50
2024-01-09 06:00:00,CNC-03,H,,310.80915017935473,2103.1148884670342,32.66241205195395,165.56418695629137,2.91981552944361,12.897435262713035,62.20352976716101,0,2026-09-03 06:33:50
2024-01-09 03:05:00,CNC-02,M,297.8130036800702,311.5231836067083,2658.2055294802676,20.72309508449418,229.63327311605326,4.067451100098117,362.6602464171891,57.52189186802334,0,2026-09-03 06:33:50
2024-01-09 21:38:00,CNC-02,M,300.3521674087908,314.45974540687655,2689.293808321259,24.100931992175465,125.5673600290435,3.3855171756488143,12.062835477485704,50.741399014139304,0,2026-09-03 06:33:50
2024-01-09 15:44:00,CNC-03,H,25.765466234151404,39.595912428884844,1655.4958746292173,39.68075414688497,75.03188785873323,2.227283837898706,12.289291048150561,51.39718384962453,0,2026-09-03 06:33:50
2024-01-09 12:37:00,CNC-02,M,297.5052506424026,311.30016068263694,1306.2057423330548,52.34923511983581,82.4520947114544,1.973031715649418,12.554788659768377,56.8891025204255,0,2026-09-03 06:33:50
2024-01-09 00:38:00,CNC-03,H,298.45350025392617,310.43767399345916,2780.787082934949,15.17080029235972,59.67481321333946,3.2379950469861902,7.937629663130881,57.65754131844936,0,2026-09-03 06:33:50
2024-01-09 10:43:00,CNC-03,H,296.63739273144444,311.69575183986655,1368.7082461281343,58.11479650488414,135.92141816505378,2.2055382083783734,14.87626875714625,60.784299971054885,0,2026-09-03 06:33:50
2024-01-09 23:24:00,CNC-02,M,299.64607237448115,313.05507508862956,2824.8299925837796,16.759769305657763,240.29308146150038,4.3878967484518405,8.899903637971637,53.33652573849739,0,2026-09-03 06:33:50
2024-01-09 17:14:00,CNC-03,H,26.614747855854375,41.800604956256564,1839.185180060023,42.86281155276895,203.80928346980232,3.0750314639400105,14.54755480120822,56.736766411929615,0,2026-09-03 06:33:50
2024-01-09 13:29:00,CNC-01,L,298.24012078934334,311.7918273429728,1370.1538553417085,49.51770902879419,25.2291589752417,2.0384409124928338,12.417692040226193,56.10545317765727,0,2026-09-03 06:33:50
2024-01-09 19:32:00,CNC-03,H,300.56078913239963,314.1737885154798,2425.0946434691436,24.948467304516942,151.10063046965126,3.113405882833421,11.344264659824754,55.51665884334218,0,2026-09-03 06:33:50
2024-01-09 23:54:00,CNC-02,M,299.69031977534013,311.625323076941,2669.3342363871366,15.491544179912077,15.961191250093886,3.1182604417468593,7.709781340001336,49.6568882111594,0,2026-09-03 06:33:50
2024-01-09 06:02:00,CNC-03,H,296.1080942525266,310.3063860747382,2023.0477039532614,33.3681097362397,168.2486926451643,2.8515466360814434,12.915660113116799,58.409828335986866,0,2026-09-03 06:33:50
2024-01-09 11:26:00,CNC-01,L,296.8929021773891,310.46956295829324,1332.420270983829,46.63751932149534,58.403970893251945,1.9887770308817976,11.538411257740965,55.02765400089865,0,2026-09-03 06:33:50
2024-01-09 20:15:00,CNC-02,M,300.3834780727904,313.31988619779474,2362.2270536077203,23.295441299654122,30.810034740292824,2.9469286756116624,10.201019502554283,49.14716881471183,0,2026-09-03 06:33:50
2024-01-09 22:18:00,CNC-02,M,300.14510798621006,314.05235756820895,2559.8851029733414,22.155961097248003,169.3504851756422,3.527010160736882,10.680012020496433,49.503377000323106,0,2026-09-03 06:33:50
2024-01-09 19:50:00,CNC-02,M,300.9040048470332,313.44361677461217,2307.0941718683534,20.737257308605535,1.2310993580721228,2.9410761468708717,8.768786960318158,45.85314198239399,0,2026-09-03 06:33:50
2024-01-09 09:39:00,CNC-02,M,296.47139349767906,310.3722053438318,1529.3755246670344,46.08339521022327,50.72813383440852,2.267317942497267,13.187476455815702,62.67268042953816,0,2026-09-03 06:33:50
2024-01-09 03:51:00,CNC-02,M,297.6561535812232,310.22289679803174,2339.9558330753575,23.823714699390912,29.23464002298389,2.8453039710395704,10.52093789279332,54.91097568825345,0,2026-09-03 06:33:50
2024-01-09 19:47:00,CNC-03,H,300.3463481711482,314.5415564861882,2318.1670616903675,28.59924540706592,169.30612249059573,3.208593201606991,12.408178418504935,53.3681796031245,0,2026-09-03 06:33:50
2024-01-09 21:27:00,CNC-02,M,300.55031013610807,313.6449422923259,2390.49950332516,23.063824999710214,113.19440576905653,3.0615343333969802,10.322876129491807,49.05900337138503,0,2026-09-03 06:33:50
2024-01-09 23:30:00,CNC-01,L,300.1131240806156,313.09694758602154,2714.4685611716172,19.423801490190623,164.42204498460382,3.691896391518722,9.887036636338836,51.85375153452242,0,2026-09-03 06:33:50
2024-01-09 11:16:00,CNC-02,M,302.7395237301331,311.90625197788916,1505.6532613577433,50.045597412256484,203.06435344923662,2.7994768340741136,14.336104990615585,49.054797719660606,0,2026-09-03 06:33:50
2024-01-09 17:28:00,CNC-02,M,27.26812110225427,41.81855963805748,2026.3047331705923,35.603556819656205,72.440418213088,2.6632425441206147,13.44276603689942,54.42729728919636,0,2026-09-03 06:33:50
2024-01-09 10:14:00,CNC-01,L,296.2912801840141,310.5782378092511,1416.3717795342454,49.62757095401525,152.33543671132392,2.5101180398543423,12.837048200519845,60.05189887475859,0,2026-09-03 06:33:50
2024-01-09 16:56:00,CNC-01,L,299.8241559615785,314.1717755165502,1817.2288620488546,1100.7387001959462,109.6772304716081,2.5168815373504705,13.453912996035925,51.51159477601199,0,2026-09-03 06:33:50
2024-01-09 19:52:00,CNC-02,M,300.48640929099093,313.16912342298525,2404.5872471126095,21.365864653185188,3.6193336447556708,2.9095800189386143,9.771855717055747,57.23776063746869,0,2026-09-03 06:33:50
2024-01-09 17:55:00,CNC-01,L,27.10511263014388,41.89370639261858,2091.638129297214,35.39328663080176,190.59990706986724,3.3593919532935375,0.0,49.86506583137619,0,2026-09-03 06:33:50
2024-01-09 16:18:00,CNC-01,L,,40.166797479444085,1627.4611176840083,42.24575072153184,55.556005834209884,2.154300379678311,12.815375822621734,52.572782872572766,0,2026-09-03 06:33:50
2024-01-09 08:26:00,CNC-02,M,295.8650584134887,310.61811338646623,1574.1976931168263,45.75133248166002,168.4918237365922,2.672019715832676,13.420247797770294,59.48806170881087,0,2026-09-03 06:33:50
2024-01-09 20:12:00,CNC-03,H,300.1392974687722,314.7972501722669,2450.9598360912983,28.479114160498828,199.164268384485,3.519956515893057,12.980814824348752,53.121621727627605,0,2026-09-03 06:33:50
2024-01-09 10:09:00,CNC-01,L,296.20999328376047,,1446.256615576457,49.50902186185729,144.49179715122315,2.421164686866373,13.49088383803737,59.86730763504057,0,2026-09-03 06:33:50
2024-01-09 23:28:00,CNC-01,L,300.1459897869777,312.8676306636218,2780.956854934569,17.001132742902264,162.31958828165423,3.788562207319612,8.917529158798708,50.20867655820386,0,2026-09-03 06:33:50
2024-01-09 18:57:00,CNC-01,L,300.38674604480497,313.3792707823511,2098.701232624419,26.559707538100174,71.02455081402307,2.8360965977867827,10.398729751475042,49.300592002701684,0,2026-09-03 06:33:50
2024-01-09 20:21:00,CNC-03,H,300.2885204974299,313.4065480636217,2352.869808286088,22.04720766147525,209.72121121802104,3.4231010654054117,9.856069353461038,45.89595919682315,0,2026-09-03 06:33:50
2024-01-09 13:05:00,CNC-03,H,297.6233504833238,312.08107358819404,1358.6022539879186,55.07498423548255,90.42026180252597,2.12185492694729,13.789896102830458,59.649082500892476,0,2026-09-03 06:33:50
2024-01-09 22:53:00,CNC-02,M,299.6781483511002,313.8680837132949,2578.4797700739937,23.01409633671804,207.0434954190856,3.8402510520626656,10.947590685228054,50.45732010414309,0,2026-09-03 06:33:50
2024-01-09 17:41:00,CNC-01,L,27.15367022363978,41.479784311796436,2052.7814365617883,33.19923307163925,171.82972494642428,3.2722873696176045,12.705900542911719,47.484201248784295,0,2026-09-03 06:33:50
2024-01-09 21:34:00,CNC-01,L,300.5798984795736,312.4816954652254,2672.430995049033,16.33594423499103,39.13837941367754,3.1683845500766656,8.464892140760632,53.06771819827563,0,2026-09-03 06:33:50
2024-01-09 08:41:00,CNC-01,L,295.96224480381176,310.41195980095347,1603.4028539804406,47.43304768841386,9.063498300865449,2.2454973907191973,14.30018537349784,57.806405916729815,0,2026-09-03 06:33:50
2024-01-09 20:28:00,CNC-01,L,300.7552545123067,314.3463515119748,2357.4998201857898,24.98812505692557,181.511347634076,3.4755311998420586,11.229030987052202,53.89719528183818,0,2026-09-03 06:33:50
2024-01-09 22:05:00,CNC-01,L,300.7373318323124,312.7812176067689,2756.890428287967,16.881965257974674,73.17540846524132,3.298453723970674,8.999879906110516,50.80541814875451,0,2026-09-03 06:33:50
2024-01-09 00:02:00,CNC-02,M,298.78152459211327,309.6484859451245,2658.7349934289955,11.374608308980235,30.516788589401646,3.2116116817863123,5.83334644223677,55.48746953849297,1,2026-09-03 06:33:50
2024-01-09 00:46:00,CNC-01,L,298.532710491348,311.05864761118306,2630.0667452428406,18.959762112258165,56.3593863076191,3.1278831756085244,9.396061896973336,56.137225494488185,0,2026-09-03 06:33:50
2024-01-09 21:27:00,CNC-01,L,300.5374945938708,311.98314813152183,2501.9770388056586,14.58704422741178,31.212131678478816,3.0336554073476703,6.981985834675013,46.200455780277665,0,2026-09-03 06:33:50
2024-01-09 16:24:00,CNC-03,H,299.3894234866118,313.5883579466235,1687.1428422251386,41.68165468456503,133.3856498446151,2.3984062223346894,13.166492344156827,52.90369290128854,0,2026-09-03 06:33:50
2024-01-09 09:57:00,CNC-03,H,295.86623999839924,309.876778060179,1433.6613769840283,49.8353440274748,63.446075821129,20.290276063981498,13.256627016345636,55.16848842840159,0,2026-09-03 06:33:50
2024-01-09 13:03:00,CNC-02,M,297.61318451424785,311.61025982431283,1384.0663021249452,48.94998154353731,123.43427892416813,2.193535673775211,12.377164393002111,57.37960689264653,0,2026-09-03 06:33:50
2024-01-09 08:22:00,CNC-01,L,295.72422075206777,310.8664952393893,1720.8543624113236,45.99476482433097,216.1860936365059,3.187421870999158,14.903852404281102,60.41104391788139,0,2026-09-03 06:33:50
2024-01-09 21:59:00,CNC-01,L,300.6615093544121,313.2362168494552,2617.6358777800197,20.104844107501258,66.71775063068806,3.281503539704736,0.0,53.10307695139886,0,2026-09-03 06:33:50
2024-01-09 09:50:00,CNC-01,L,296.1963245171512,311.0151382798374,1489.404421716767,53.391986850199515,114.84545105940134,2.2705964284930613,14.725176245591575,59.01994229908374,0,2026-09-03 06:33:50
2024-01-09 03:23:00,CNC-03,H,297.3912733202416,310.58403187943804,2595.0555510610134,19.15468277475857,241.15341155331066,4.027221076363405,9.282483581791281,52.83091310377968,0,2026-09-03 06:33:50
2024-01-09 07:13:00,CNC-02,M,296.5211429135074,311.19674682476636,1961.5689629896372,39.966732131885614,62.43894132752724,2.483991369922869,14.749867151972788,59.890044539005025,0,2026-09-03 06:33:50
2024-01-09 11:02:00,CNC-03,H,296.7351022225427,311.6737226572388,1520.2142025092617,50.82578178146765,165.98246145281058,2.436195418193529,14.59083495164494,54.91988335356095,0,2026-09-03 06:33:50
2024-01-09 06:37:00,CNC-01,L,295.8657720933037,310.10469964322635,1985.833471810879,36.92814431505217,65.80725762060081,2.6167355811516995,13.579363418192557,57.834516477473116,0,2026-09-03 06:33:50
2024-01-09 03:36:00,CNC-01,L,296.8063406108311,309.9315459659492,2339.839053845815,25.005384728783184,54.04695774999746,2.9813426587546172,10.96156318329455,56.09858865726255,0,2026-09-03 06:33:50
2024-01-09 10:47:00,CNC-03,H,296.9354476331274,311.3999125372713,1476.4943243000341,49.115762301313865,142.23070609538914,2.324862686152013,13.68684063133806,59.668050680970346,0,2026-09-03 06:33:50
2024-01-09 05:02:00,CNC-01,L,301.5136175877546,310.1371609082292,2072.1460320832953,35.57189865493803,158.5571668838964,3.0280047172551448,13.739590400741143,50.996754153752356,0,2026-09-03 06:33:50
2024-01-09 08:39:00,CNC-02,M,296.15276203493437,311.3641196482601,1593.366917308343,48.610587180059156,188.11898030779327,2.814667725956072,14.526234990533363,58.70178040131067,0,2026-09-03 06:33:50
2024-01-09 19:37:00,CNC-01,L,300.59113171086403,313.6049022726992,2373.82863550942,22.627173746073282,120.58931053081831,3.051347786219515,9.950071396877178,53.36355673889786,0,2026-09-03 06:33:50
2024-01-09 00:05:00,CNC-03,H,299.1122507367854,309.8766638164475,2699.4037262959546,11.414361354821226,24.648082947272975,3.1479990413568015,5.576819873255503,51.954270876340765,1,2026-09-03 06:33:50
2024-01-09 05:07:00,CNC-03,H,296.4106306010355,310.42161403986944,2119.680752749419,,97.04160449539044,2.74768317887922,12.741097897098982,51.04802882911248,0,2026-09-03 06:33:50
2024-01-09 05:14:00,CNC-03,H,296.42273412968024,310.546277886801,2188.289346834676,31.881835424140018,105.81854526938693,2.897663876214322,13.175749587017691,58.25630534644916,0,2026-09-03 06:33:50
2024-01-09 07:16:00,CNC-01,L,295.86176413093244,310.21820761821624,1737.711415013543,40.88358781121525,120.28284986248953,2.44225076858999,13.401982524631872,62.28280324901359,0,2026-09-03 06:33:50
2024-01-09 06:18:42,CNC-03,H,295.9767693114075,310.8797476080813,1911.278660975892,39.84577828751996,191.34676378700397,3.003913556267769,14.02751038330395,56.753734704971,0,2026-09-03 06:33:50
2024-01-09 13:55:00,CNC-02,M,298.2586262226765,313.4061144682668,1340.4895436993183,56.14853273997887,205.32751789639346,2.6065141524095865,14.075063493766056,54.5428752599886,0,2026-09-03 06:33:50
2024-01-09 11:59:00,CNC-01,L,297.5472582734889,311.94103582845526,1383.8051906137625,53.206915460786085,110.89875455160923,2.1808054335872944,13.781259856152024,56.80290581674351,0,2026-09-03 06:33:50
2024-01-09 10:01:00,CNC-03,H,296.0038072738075,309.76716834119776,1407.6684551134433,47.634825004811454,69.75166069780207,2.1635640783010164,12.495594459986659,60.3265741530964,0,2026-09-03 06:33:50
2024-01-09 00:26:43,CNC-02,M,298.6080847862005,310.2187261614059,2752.075146329047,14.539322380563181,57.073802688983804,3.3146240733339853,7.5248586511178495,58.46356910997328,0,2026-09-03 06:33:50
2024-01-09 08:21:00,CNC-02,M,296.3730180502078,311.5439488299193,1591.2878665334301,48.6380229516117,160.9939703242568,2.5324496611995166,14.622874918120292,52.89834396628236,0,2026-09-03 06:33:50
2024-01-09 08:44:00,CNC-03,H,296.00411111508566,310.5438778460831,1670.9619114437962,42.43358411213835,168.72947955482095,2.5896597038820333,13.115020982689902,61.156949880694576,0,2026-09-03 06:33:50
2024-01-09 16:42:00,CNC-01,L,299.8769713110164,314.0068898812507,1720.7633435159214,41.333280193597226,89.77550264917286,2.465878949336633,13.234552213442615,56.23455698739374,0,2026-09-03 06:33:50
2024-01-09 08:11:00,CNC-01,L,295.80153259391034,310.5828073644678,1783.1827271785075,40.94951735020819,199.84032947219447,30.527464555333548,13.619184807806924,60.65355333100888,0,2026-09-03 06:33:50
2024-01-09 20:10:00,CNC-01,L,300.6683062072383,314.0709126424253,2425.898252774775,24.366930004856997,160.26508805039543,3.3036094501387723,11.000103101141649,51.062298991792666,0,2026-09-03 06:33:50
2024-01-09 17:26:00,CNC-02,M,26.907633844185852,41.88366520771359,1795.4006504296096,43.03734207221801,69.72373300023762,2.4272726735045764,14.532419131730066,50.58864786356591,0,2026-09-03 06:33:50
2024-01-09 00:27:00,CNC-01,L,298.40473159612634,309.5277771578693,2677.543903064023,12.69312299773932,35.98138334395753,3.1485642762999286,6.399407749384159,62.05359550019825,0,2026-09-03 06:33:50
2024-01-09 12:55:00,CNC-03,H,297.8571087659024,312.33154398612294,1498.543657716036,51.66122615683979,74.5837341759294,2.1138085372759425,14.31134762372689,52.03320959538475,0,2026-09-03 06:33:50
2024-01-09 22:38:00,CNC-02,M,299.8427928516527,313.79266009378057,2584.502172426658,22.52243816283326,190.97279676722218,3.6737784904727513,11.16785547971609,51.516493003597105,0,2026-09-03 06:33:50
2024-01-09 14:59:00,CNC-03,H,299.0419420609714,312.8650606914714,1641.234800224073,43.134402288338336,7.637756598822123,2.3163643180456837,13.559617215484312,57.392917458644234,0,2026-09-03 06:33:50
2024-01-09 06:21:00,CNC-01,L,296.11758020313397,309.78002728362753,1973.0100590348427,33.16007339050682,43.92121091020527,2.6658009076091678,12.195877836067375,58.29048024175695,0,2026-09-03 06:33:50
2024-01-09 13:42:00,CNC-01,L,297.97633836491286,312.1719332752277,1567.294746776952,47.27036228002049,45.64866928574536,21.633626927569335,13.657411351396245,57.927327827247126,0,2026-09-03 06:33:50
2024-01-09 17:26:00,CNC-03,H,26.390843011291395,41.58319794935744,1899.2829803809848,40.077916732226946,220.48002963914794,3.181637907024347,14.07636108158977,52.41738486181917,0,2026-09-03 06:33:50
2024-01-09 18:31:58,CNC-01,L,300.70404885994054,314.4457005666771,2067.3161989882765,34.68955675628158,40.4234362645019,2.7253236641388785,13.318475706122587,51.99202691079498,0,2026-09-03 06:33:50
2024-01-09 18:15:00,CNC-02,M,300.7505422063313,315.5771187790041,2098.131493125941,35.52749639449406,135.45629505929895,2.9489260613769512,13.83393498793886,51.187661415274526,0,2026-09-03 06:33:50
2024-01-09 18:56:00,CNC-01,L,300.2270041101603,313.7933946951622,2036.1359264111707,31.41570244001052,69.72270512342197,2.722682579160117,11.774195835730314,50.97518561609449,0,2026-09-03 06:33:50
2024-01-09 22:55:00,CNC-03,H,305.1961706547755,310.96422416147783,2813.5300545270356,12.024907575375511,159.28997243697847,3.5494554963775307,6.3801804345039805,45.16916594912182,0,2026-09-03 06:33:50
2024-01-09 05:56:00,CNC-01,L,295.9688631849821,309.4355106281512,2109.7367703324526,31.56596566437896,10.559623941817282,,12.579222179234774,62.932364638382325,0,2026-09-03 06:33:50
2024-01-09 20:58:00,CNC-03,H,299.7750500042714,312.6291455450749,2442.821390208637,23.660489186650597,30.055961721748726,2.9910449284153917,10.55802506360215,49.70025678584266,0,2026-09-03 06:33:50
2024-01-09 23:46:00,CNC-03,H,299.77676821411364,313.00351214482765,2615.222594387795,19.65669643784778,213.71743902289458,3.8147045976930802,9.721990559652928,50.863680637543375,0,2026-09-03 06:33:50
2024-01-09 09:32:00,CNC-02,M,296.39148896070657,310.6955848964608,1624.4794381254148,45.33445107584721,39.90410395962022,2.4069928657670263,13.618454077701003,60.47454330203055,0,2026-09-03 06:33:50
2024-01-09 15:39:00,CNC-03,H,25.95288183689155,39.93844448932384,1577.3722144891212,43.79449581710384,67.66192629540791,2.2933382204539643,13.081668085816323,50.82635023664338,0,2026-09-03 06:33:50
2024-01-09 11:32:00,CNC-03,H,296.84056119595965,312.1209314250204,1449.2515773658608,52.25580894485354,213.57213369591977,2.7725883588660585,13.822750746274536,55.45983941159259,0,2026-09-03 06:33:50
2024-01-09 20:58:00,CNC-02,M,300.56684500644917,314.3263693002937,2458.2225951099904,25.412466334302298,80.38293356078027,3.0214642959041074,11.700358906595731,54.00094683425904,0,2026-09-03 06:33:50
2024-01-09 20:15:00,CNC-01,L,300.6144988060201,314.27139813586945,2428.0916644012354,25.137552668908608,166.17650570011108,3.380610335900124,11.362141221702313,44.99838474730731,0,2026-09-03 06:33:50
2024-01-09 00:17:00,CNC-01,L,298.90531404968084,310.81119385967895,2614.3270066494574,16.983406479110123,25.29072698089692,3.247202337949703,8.227587612097125,54.04520070532333,0,2026-09-03 06:33:50
2024-01-09 23:16:00,CNC-03,H,299.9576535770642,313.41462994954674,2704.3762226341405,19.851395002663928,181.74662097690097,3.6195045522863825,9.957455121689698,50.633140413327034,0,2026-09-03 06:33:50
2024-01-09 15:05:00,CNC-03,H,298.8080756582717,312.46805477592244,1419.5764691404552,47.00374623217061,16.73761671807715,2.0574724732575684,12.189465921393227,55.14204504735075,0,2026-09-03 06:33:50
2024-01-09 16:30:00,CNC-02,M,299.9134785353311,315.2610563088394,1781.3098366935671,43.461755891908524,199.49419666147574,3.0409022475829706,14.446278340833171,54.61426350829136,0,2026-09-03 06:33:50
2024-01-09 01:16:00,CNC-03,H,298.38117583094055,310.4260373903199,2650.7425781402785,15.295691567135002,100.18171243034926,3.19380962228136,7.716248109121961,56.15227200233909,0,2026-09-03 06:33:50
2024-01-09 02:13:00,CNC-01,L,297.85234456813464,310.43681649881245,2709.672795696493,16.596318311086446,150.76852899285592,3.585604228081761,8.583520781539947,57.064364115365905,0,2026-09-03 06:33:50
2024-01-09 22:12:00,CNC-03,H,305.6088588083924,312.58452593927404,2765.3170541460945,,112.90653919710147,3.282554845716076,10.072588974242553,37.807630211362735,0,2026-09-03 06:33:50
2024-01-09 22:33:00,CNC-01,L,300.5937572216156,313.0137406075393,2678.006876028468,16.803755712174436,103.44004649163494,3.351571742640288,8.345537177999926,54.146488300661545,0,2026-09-03 06:33:50
2024-01-09 16:21:00,CNC-03,H,299.60619096623776,313.9041612110652,1666.4936976178801,42.94769820490155,128.9961496648081,24.275840732522827,13.447371513219842,49.19757748537358,0,2026-09-03 06:33:50
2024-01-09 06:31:00,CNC-01,L,295.75916869157027,310.3845039407833,1825.6699172119593,43.12015832923881,57.53478461665833,2.4013213175964228,14.738685879689669,60.02614754261091,0,2026-09-03 06:33:50
2024-01-09 20:56:00,CNC-03,H,300.2023534835124,313.4104644937687,2357.612639571736,25.687224708078016,27.740383511738017,2.9172131883426777,11.661967279735412,52.99165892411394,0,2026-09-03 06:33:50
2024-01-09 11:41:00,CNC-01,L,297.16980009248124,311.17942360296047,1434.5841091564691,48.69542944836242,82.21776679235018,2.1806252420841834,12.97747619707663,,0,2026-09-03 06:33:50
2024-01-09 20:52:00,CNC-02,M,300.5534579117367,313.05784409504776,2702.1192501335618,17.59373319813692,73.55698064705844,3.2829020825007973,8.850986106831977,46.18152280404071,0,2026-09-03 06:33:50
2024-01-09 18:42:00,CNC-02,M,300.66646134737323,315.19517679176,2245.341510560781,30.81649162701972,170.4640375383623,3.2605507428100693,12.795983337913322,47.054530464172856,0,2026-09-03 06:33:50
2024-01-09 17:41:00,CNC-02,M,27.276139404561206,41.90253453991693,2029.0112712100445,35.74589991570969,90.01287229785079,,13.665910586120951,54.014184923049626,0,2026-09-03 06:33:50
2024-01-09 12:40:00,CNC-01,L,297.5692891380463,311.4800690315226,1327.0981966937466,48.304056494048474,175.866566595092,2.506431562438284,12.067959989259215,56.74665317308128,0,2026-09-03 06:33:50
2024-01-09 05:00:00,CNC-02,M,297.29977729245303,311.2337692856632,2254.002631941437,28.9276838449805,113.23559896485222,2.866619147890432,12.195184743109088,57.79377347700113,0,2026-09-03 06:33:50
2024-01-09 16:25:00,CNC-01,L,299.536965888065,312.933921189533,1696.7266262083442,36.40099153129298,65.58372966394997,2.3205955021221047,11.357849764641752,53.969796668331,0,2026-09-03 06:33:50
2024-01-09 10:03:00,CNC-03,H,295.93346249509824,,1430.867631886622,47.995076141978146,72.91442915393789,2.112228744655285,12.808191892344135,58.449764360056115,0,2026-09-03 06:33:50
2024-01-09 00:25:00,CNC-03,H,298.4380202710922,310.60280843773785,2683.735521256037,16.684945555480763,45.89834756552868,3.188207000523958,8.635379893780042,56.98927228650502,0,2026-09-03 06:33:50
2024-01-09 22:18:00,CNC-01,L,300.4136938161021,313.0052358309756,2581.6420643709316,18.734967714591452,87.27083548317081,,9.263195548905648,49.52188307399315,0,2026-09-03 06:33:50
2024-01-09 05:18:00,CNC-01,L,301.7735196147032,310.4142369060088,2166.263077160766,34.107800570423834,178.81034195113847,3.178203595714856,13.7413404648031,44.443274885440175,0,2026-09-03 06:33:50
2024-01-09 14:12:00,CNC-01,L,298.25699751045374,312.2254257908941,1371.9768845008527,49.87311568053321,92.43738236084074,2.128918649568808,13.070416905694188,57.92322974425252,0,2026-09-03 06:33:50
2024-01-09 01:28:00,CNC-02,M,298.4868969539814,311.1470364248289,2728.8338393753647,18.446599774239765,122.24564578420751,3.3038069037370676,9.183134484023897,53.70205267140751,0,2026-09-03 06:33:50
2024-01-09 05:56:00,CNC-03,H,296.2305078641079,310.9980717755379,1982.0679294236086,38.472789096169,160.4584920230161,2.813458393916971,14.15986914667129,58.42298130983618,0,2026-09-03 06:33:50
2024-01-09 23:51:00,CNC-03,H,299.4310686036824,312.4289463591428,2708.5005444331136,17.686874549732565,219.09917373657413,3.8712762572618975,8.990944186021437,54.557907576199085,0,2026-09-03 06:33:50
2024-01-09 13:26:00,CNC-03,H,298.09063302463034,312.2500571857137,1328.3977699908962,54.19315078918996,123.69316025145513,2.2226911225100054,13.60372106951385,54.0014571498815,0,2026-09-03 06:33:50
2024-01-09 06:24:00,CNC-01,L,296.23227289168125,310.3951962971255,1991.0942744532645,36.974772220991106,47.955406298568874,2.628709056492352,13.799632068790284,53.210979280519545,0,2026-09-03 06:33:50
2024-01-09 18:54:00,CNC-01,L,300.46598943111314,314.3181105310866,2259.770004172983,29.51083486347826,67.15436958471996,2.781425079042609,12.55447606809489,48.955953241285314,0,2026-09-03 06:33:50
2024-01-09 05:01:00,CNC-02,M,296.6110546816254,310.5368239747732,2115.634898883122,31.84104737328178,114.51509947007041,28.227058373151923,12.335223863389151,54.47733561780482,0,2026-09-03 06:33:50
2024-01-09 14:11:00,CNC-02,M,298.4127753683714,313.94610200164004,1491.758403938831,52.52814204547515,230.34350292527404,3.1063450592225816,14.95871869966654,57.64742036881317,1,2026-09-03 06:33:50
2024-01-09 14:15:00,CNC-02,M,298.3912269644546,313.92917078859176,1611.6718279899426,49.32726917425188,236.5632501932431,3.3195423199266108,,56.95346491128617,0,2026-09-03 06:33:50
2024-01-09 11:36:00,CNC-01,L,297.0024373358402,311.1595771527657,1390.0167095341324,52.93186821268478,74.32345001777261,1.99487322035676,13.897949561640736,60.325656924777704,0,2026-09-03 06:33:50
2024-01-09 01:11:00,CNC-01,L,298.46861818450043,310.74211308083403,2528.441191273404,18.66376135366504,83.19135373397445,3.102656104337257,8.900003771187189,55.69886832979025,1,2026-09-03 06:33:50
2024-01-09 08:27:00,CNC-03,H,295.9497767455467,310.6129839952752,1633.9580381886196,45.40533149246461,143.343947070867,2.5262072787747583,13.924770468916588,58.698667494153284,0,2026-09-03 06:33:50
2024-01-09 14:54:00,CNC-03,H,298.8850532266141,312.5775104234163,1667.4733836378302,42.646374005639466,0.0,2.3367500506639387,13.4557105102342,53.5237375585954,0,2026-09-03 06:33:50
2024-01-09 22:17:00,CNC-01,L,300.27304160235974,312.52169132082224,2642.5365738419887,17.680869439443548,86.18203861961659,3.2438863838654055,8.852855635930483,44.05368312605102,0,2026-09-03 06:33:50
2024-01-09 00:15:00,CNC-01,L,298.7848986578614,309.88059908627343,2780.3383137175606,11.092848647936188,23.095177711538497,3.2807457947866463,5.823733547157968,53.08443560658525,1,2026-09-03 06:33:50
2024-01-09 19:36:00,CNC-02,M,300.81593370981597,315.20526191031587,2215.581579708479,28.139396642953912,237.69111711265708,3.8628684825634343,11.637123792845482,48.89463076753271,0,2026-09-03 06:33:50
2024-01-09 16:20:00,CNC-01,L,299.2724252973409,313.43121543528196,1763.8324324563748,41.36095950864084,58.386666413161045,2.4416070962040055,13.583705798690776,54.67231102249885,0,2026-09-03 06:33:50
2024-01-09 20:02:00,CNC-03,H,300.59575375640935,314.8547281896591,2285.061907238623,29.524924409607653,187.45596951600606,3.2718594590125183,12.759480481029753,45.624934951106326,0,2026-09-03 06:33:50
2024-01-09 09:12:00,CNC-01,L,296.2365636693961,309.775583302499,1663.305848029729,41.0885912062309,56.34525363692694,2.313798225851167,12.761967853248713,59.91888405939118,0,2026-09-03 06:33:50
2024-01-09 04:55:00,CNC-03,H,296.72168521288097,310.81111196150334,2192.26523492854,31.619700017130032,81.9027088176643,2.7481203636738916,12.975497059001862,56.42564448429858,0,2026-09-03 06:33:50
2024-01-09 18:07:00,CNC-02,M,27.430888193206044,41.99789973294497,2004.5622346881107,34.40885079844068,124.94593430365056,2.768987468909285,13.107008800529641,49.39598234516002,0,2026-09-03 06:33:50
2024-01-09 09:22:00,CNC-02,M,,310.1367405109679,1463.014950033177,47.26700622090078,24.608444378279188,1.9680987781231127,13.089062943792237,53.37378229620022,0,2026-09-03 06:33:50
2024-01-09 07:50:00,CNC-01,L,295.85153348948745,310.7575434540249,1842.1806634210213,41.90672075194201,169.10774491128538,2.908176339104948,14.28704124111602,60.521199970643224,0,2026-09-03 06:33:50
2024-01-09 13:17:00,CNC-03,H,297.93910664004056,312.4396401170804,1397.4356723928136,53.18078219480225,109.36476857377532,2.2147074368773505,14.027347798852144,52.273295457390546,0,2026-09-03 06:33:50
2024-01-09 20:37:00,CNC-02,M,300.32337409955466,313.4372057720587,2537.118665820103,22.638451624865397,56.46241776918934,3.175936121349158,10.783883233267328,50.37737153193112,0,2026-09-03 06:33:50
2024-01-09 05:48:00,CNC-02,M,,310.74503560348484,2070.2701799739516,32.032520197062006,175.22196245098857,3.1394529645422553,12.398874267689088,56.78740416852797,0,2026-09-03 06:33:50
2024-01-09 18:12:00,CNC-02,M,300.6715750562206,314.60570478149134,2103.761534266307,30.94413080311641,131.5135530623445,2.8225943584597655,12.612500891337495,51.81998163502088,0,2026-09-03 06:33:50
2024-01-09 18:35:00,CNC-02,M,300.6647773686512,315.1570320994504,2258.5798565693312,30.19796094072747,161.43111437474607,0.0,12.69685881069859,50.73591580737271,0,2026-09-03 06:33:50
2024-01-09 12:56:00,CNC-02,M,297.6385441516697,312.19050331577097,1441.6164826677064,48.390505537497596,112.38983602053054,2.234760322989257,13.418263370163098,51.7678832778585,0,2026-09-03 06:33:50
2024-01-09 05:57:00,CNC-01,L,296.02854652677166,309.1527964256435,1930.3231737611536,33.12994497909909,11.918291811156287,2.550243502343242,11.929679253226492,54.97470506952444,0,2026-09-03 06:33:50
2024-01-09 02:31:00,CNC-03,H,297.948723083563,311.4935060770964,2493.7151476731265,23.65630707305709,182.17317179976715,3.395898359898199,11.08954008083765,57.23277507433408,0,2026-09-03 06:33:50
2024-01-09 20:45:00,CNC-02,M,300.19721917414427,312.59555695609356,2617.037410711095,17.383865461253965,65.65909517178281,3.310253977652048,8.390621390303634,52.52382697037907,0,2026-09-03 06:33:50
2024-01-09 02:52:00,CNC-02,M,297.9576059227256,312.2490071951339,2389.380625733823,26.692483649490445,214.77319168702343,3.7247905726643697,11.798702885038043,49.889095854384735,0,2026-09-03 06:33:50
2024-01-09 06:29:00,CNC-01,L,295.947337439897,310.0825925669778,2016.088505219218,35.89984551875504,54.72410362414486,2.641431886201711,13.31115639318956,64.27024303069221,0,2026-09-03 06:33:50
2024-01-09 21:31:00,CNC-01,L,300.78150130734923,312.2305586099365,2589.982802390381,14.193504870855724,35.745114466617174,3.06079549937935,6.9283032889134395,50.73829211942302,0,2026-09-03 06:33:50
2024-01-09 22:35:00,CNC-03,H,305.42467309012613,312.2896588177023,2822.341210501175,18.784970709327602,137.87995059567075,3.440992511781239,9.913724891102069,42.472195230429996,0,2026-09-03 06:33:50
2024-01-09 14:23:00,CNC-02,M,298.79116608985873,312.64080554975834,1444.3346497292634,46.68316007063352,9.334550743605412,2.1059408250979335,12.614447403410216,57.84027836779456,0,2026-09-03 06:33:50
2024-01-09 04:01:00,CNC-02,M,297.1138120246768,310.318426257829,2395.5235452116885,24.750736369280435,41.37736098429591,3.027016440055743,10.986610425278778,54.44724233739519,0,2026-09-03 06:33:50
2024-01-09 16:25:00,CNC-02,M,299.46214018688556,314.62056482343615,1927.5907930324986,40.33669410304217,192.2776661836081,3.073540642296789,14.68901352695415,53.859015104216255,0,2026-09-03 06:33:50
2024-01-09 19:22:00,CNC-02,M,300.3270016751085,314.75564517730425,2364.4260677232533,27.668829684983198,220.52975204416032,3.75681632047797,12.191694248258969,52.886051094457514,0,2026-09-03 06:33:50
2024-01-09 17:12:00,CNC-02,M,26.94590498759777,41.51662549177007,,36.055433045116445,50.33142186606875,2.6642620597064743,14.26872544963275,50.72147099460275,0,2026-09-03 06:33:50
2024-01-09 08:40:00,CNC-03,H,296.04351128917375,310.21403841482015,1734.690848661232,39.41764716269403,162.70772934738866,2.715136520841917,12.775540125873704,58.56910234105149,0,2026-09-03 06:33:50
2024-01-09 12:00:00,CNC-03,H,297.20658925185353,313.0061316571866,1438.2545411608407,57.83115550050614,257.76268455300425,3.168669439097023,15.576277344194622,58.65526723132547,1,2026-09-03 06:33:50
2024-01-09 00:33:00,CNC-01,L,298.96180269162477,310.0751991122148,2585.5733167273747,13.287091397748984,42.396928385360525,,6.407635611015693,53.268760998270764,0,2026-09-03 06:33:50
2024-01-09 05:57:00,CNC-02,M,296.86587681382446,311.4376999634696,1975.0542066349985,36.33480308057902,187.11054510963245,3.044431699414813,13.194516231929528,58.464331520491506,0,2026-09-03 06:33:50
2024-01-09 18:57:00,CNC-03,H,300.5031920872659,314.2371748593034,2346.8545114714198,26.713280475719355,107.34881826260937,3.057133154993601,11.611730422197507,46.76971447407493,0,2026-09-03 06:33:50
2024-01-09 23:18:00,CNC-03,H,299.56950139930444,313.0889125157577,2657.132133320803,21.63955956257781,183.86992421263056,3.6213062539200678,10.737905595570034,52.58469064298644,0,2026-09-03 06:33:50
2024-01-09 04:28:00,CNC-03,H,296.8930875222347,310.1411631941937,2229.3072380625354,26.60142685871604,48.20229440519149,2.9360556712910286,0.0,62.80656620509952,0,2026-09-03 06:33:50
2024-01-09 20:04:00,CNC-01,L,300.29309512019546,312.95068027067873,2462.1404701682054,20.422658066754117,153.1079000812146,3.3376162757688235,9.536103205822705,54.62404496382532,0,2026-09-03 06:33:50
2024-01-09 10:14:00,CNC-02,M,302.07474744511217,310.3500399526065,1385.2171925720522,48.820278468876225,105.12450251665582,2.2196041298414038,12.617012703015172,52.64958993767037,0,2026-09-03 06:33:50
2024-01-09 03:08:00,CNC-01,L,297.37562140964144,309.7304170106882,2222.733184466545,23.448606968241442,21.62216600921859,2.8253454556777564,9.629174498784694,59.55591679031868,0,2026-09-03 06:33:50
2024-01-09 00:34:00,CNC-01,L,298.82353508249344,310.3159892390732,2594.791275446479,14.793051584132131,43.47673553488456,3.136779862090859,7.1184641985601065,53.939377982033015,0,2026-09-03 06:33:50
2024-01-09 17:31:00,CNC-03,H,26.25314651144521,41.36892442623156,1894.058386263447,38.85659933235219,227.49878306127928,3.241053645143859,13.785927195090304,53.16804261822878,0,2026-09-03 06:33:50
2024-01-09 22:28:00,CNC-03,H,305.58029325454254,312.4360690808527,2638.8290286083243,19.96851593031865,130.29048440503686,3.3653798990371193,10.114617614120542,40.376577079114966,0,2026-09-03 06:33:50
2024-01-09 11:38:00,CNC-03,H,297.08024347331695,312.36445612814526,1441.7916473290354,52.693299563145914,222.9513208880216,2.800198288630613,14.198678167796317,56.704856445848904,0,2026-09-03 06:33:50
2024-01-09 02:48:00,CNC-02,M,297.7710218149115,311.60628281947805,2491.248156397995,24.452813913913005,210.244746550425,3.7477120561636954,11.299252499461858,0.0,0,2026-09-03 06:33:50
2024-01-09 04:20:00,CNC-01,L,296.25206872164006,309.5528006189778,2364.523330836192,24.40595077135021,106.8734606591217,29.125724970581835,10.629612851499488,58.596910374783796,0,2026-09-03 06:33:50
2024-01-09 04:36:00,CNC-03,H,296.8921964732874,310.3479600889932,2164.928991679542,28.79869819605562,58.1256135013279,27.237292809452555,11.65447325176239,51.488645868616594,0,2026-09-03 06:33:50
2024-01-09 19:09:00,CNC-03,H,300.7390319710785,315.0244047014016,2182.6375321171386,31.528209844093844,122.42746851167092,2.8575925337701653,12.96850091018923,49.15759782069407,0,2026-09-03 06:33:50
2024-01-09 13:01:00,CNC-03,H,297.5412969906846,311.56140561883336,1390.5313939155897,49.99291692140282,84.04819223312772,2.147200744108487,13.083921992416414,58.78739644075591,0,2026-09-03 06:33:50
2024-01-09 22:19:00,CNC-01,L,300.4913089538447,311.9235481288823,2726.6239276728325,12.465137233999005,88.329063614357,3.325220004974822,6.2326824585763605,53.41352537526913,0,2026-09-03 06:33:50
2024-01-09 18:32:00,CNC-02,M,300.68497900622424,315.12009488636943,2108.300558228663,31.673792323245735,157.56915069603966,3.019437310743124,12.628414253714883,47.413251549460064,0,2026-09-03 06:33:50
2024-01-09 06:19:00,CNC-02,M,296.8814439610712,311.70080320051574,2069.4585740261673,35.47126113612053,216.70157610381432,3.421950913889606,13.523742745471077,59.49032220229735,0,2026-09-03 06:33:50
2024-01-09 00:57:00,CNC-01,L,298.5084613796959,310.7795399677145,2577.91361201767,19.072404038014657,68.07026131506653,3.261727733235016,9.306474958370874,51.320404385635065,0,2026-09-03 06:33:50
2024-01-09 16:47:00,CNC-02,M,299.81347925564734,313.77400365949114,1904.9563885744017,38.34835080135904,15.535895215874916,2.4953256210153927,13.5550032333193,52.4693904104146,0,2026-09-03 06:33:50
2024-01-09 16:17:00,CNC-01,L,26.402764054437796,39.81473355402403,1780.819705510368,,54.07797393793721,2.431607992078368,11.995654299951283,48.03825552974314,0,2026-09-03 06:33:50
2024-01-09 05:53:00,CNC-02,M,296.95891817182525,312.3146027238823,2012.0860434452602,39.03911474457986,181.84778785248048,3.2011531481905453,14.554298899919447,59.39675111157461,0,2026-09-03 06:33:50
2024-01-09 02:19:00,CNC-03,H,298.00210847132104,311.00993127078664,2488.503329820844,19.780520412874573,168.82538512834472,3.4362072119139455,9.139261731915314,54.19120676896217,0,2026-09-03 06:33:50
2024-01-09 13:39:00,CNC-02,M,298.27999111312124,313.21607276002635,1387.067019273119,52.59256648295281,180.146806587784,2.5356341802450277,13.553428777272533,56.152293939939774,0,2026-09-03 06:33:50
2024-01-09 01:12:00,CNC-01,L,298.5608829024656,310.26896507000646,2631.3017989368627,14.108018773434708,84.29548048695403,3.2422999349863253,6.799393341649464,52.269084462025724,0,2026-09-03 06:33:50
2024-01-09 07:30:00,CNC-01,L,295.80451318815955,310.3109135023951,1784.968653694184,40.1315324213257,140.31254211368,2.632735461099647,13.48557320510581,61.68517224804265,0,2026-09-03 06:33:50
2024-01-09 10:26:00,CNC-03,H,296.61846932207783,310.96502155907734,1414.2179298121991,52.30367600484236,109.16902849521773,2.1014767816778392,13.834142533239334,2177.596631037434,0,2026-09-03 06:33:50
2024-01-09 07:00:00,CNC-03,H,295.90186736760734,309.8791135190871,1928.1836318946641,37.70054230531942,17.748286106496984,2.516272235052683,13.437970210152777,58.47123809828437,0,2026-09-03 06:33:50
2024-01-09 07:58:00,CNC-02,M,296.438625707546,310.9724353614023,1609.9632983386032,45.19251995162809,126.96432457168817,2.515283659629265,13.934183643104868,55.78633571153138,0,2026-09-03 06:33:50
2024-01-09 05:24:00,CNC-01,L,301.66332469072375,310.075323836435,2191.644407925347,30.962148726260533,186.6078851970535,3.567832718608248,12.714853460151508,53.89270531587931,0,2026-09-03 06:33:50
2024-01-09 22:53:00,CNC-01,L,300.4339732467784,312.8371217132365,2645.7632379557,17.806671328096392,125.13445744689395,33.571681603613015,8.854051139063637,50.4849834248664,0,2026-09-03 06:33:50
2024-01-09 02:07:26,CNC-03,H,298.18021954363036,311.24989811497534,2455.734017044879,22.135387094088873,155.5083466375626,31.930257033403283,9.866653626648274,55.44982763720934,0,2026-09-03 06:33:50
2024-01-09 05:57:00,CNC-03,H,296.3104308094248,309.92830040788107,2266.70086181088,26.047204885995484,161.70825894428597,3.1092949179256952,11.097847290456915,55.114973423336124,0,2026-09-03 06:33:50
2024-01-09 06:29:00,CNC-03,H,295.9375022322914,310.4492163424305,2001.0857169358399,33.17828947627668,203.58203313845908,3.1170628329491903,12.105095171418792,61.0437212846369,0,2026-09-03 06:33:50
2024-01-09 15:43:00,CNC-02,M,26.202908263317397,40.38635216776049,1647.9633397445643,40.579114050640165,130.95003837174906,2.4484452037835047,12.539792054754463,54.52837171665757,0,2026-09-03 06:33:50
2024-01-09 16:58:00,CNC-01,L,299.74336481895466,313.54320015974713,1798.9614680411366,36.80842173368301,112.4868892143023,2.6161198472845406,12.369800688670663,51.89922699012644,0,2026-09-03 06:33:50
2024-01-09 04:27:00,CNC-03,H,296.8354949051524,310.6462208172021,2373.1972006234096,27.816899036943177,46.9667829687954,2.972622974008131,12.349022433276277,53.4393828800657,0,2026-09-03 06:33:50
2024-01-09 11:51:00,CNC-02,M,302.839998316035,310.82333037751306,1335.845001283581,52.060694849964186,9.595585136505646,19.292585463452003,13.132685347565284,50.414422890706405,1,2026-09-03 06:33:50
2024-01-09 13:31:00,CNC-01,L,298.4160947733761,311.9611121020652,1396.540633740066,47.768012750607305,28.39698705648625,2.019946449830023,12.322643108873265,51.19498081867049,0,2026-09-03 06:33:50
2024-01-09 04:36:00,CNC-01,L,296.1543433162104,309.6798988604504,2330.530104078493,27.22369999170901,126.33567165261103,3.1677659196582075,,62.63234544323943,0,2026-09-03 06:33:50
2024-01-09 08:34:00,CNC-01,L,295.9468283468157,311.4720806067061,1687.6530410502564,47.87957487360188,234.07510761133938,3.584337930415796,15.274274347473892,55.45204984276454,1,2026-09-03 06:33:50
2024-01-09 07:14:51,CNC-01,L,296.03593230238044,310.8634811109949,1892.3424663668345,41.56065413856315,117.44062942713921,2.7295221872183397,14.693659554438941,58.084476737053954,0,2026-09-03 06:33:50
2024-01-09 05:06:00,CNC-02,M,296.8731414142038,310.988008306348,2132.388531076746,31.726899375779073,120.82847929760007,2.742118966523366,12.783630397623336,57.1653872625268,0,2026-09-03 06:33:50
2024-01-09 22:28:00,CNC-02,M,300.1898424651491,313.06863467723804,2627.4572358184164,17.072916619376684,180.18218072005902,3.5897976297747407,8.284944540602826,52.26616195008863,0,2026-09-03 06:33:50
2024-01-09 02:24:00,CNC-01,L,297.57850632696716,310.89179942490676,2550.649260595716,22.503576944712858,163.08501126642602,3.6037127896602286,10.831254050606647,56.7868445787098,0,2026-09-03 06:33:50
2024-01-09 19:27:00,CNC-01,L,300.47610699966606,313.9879273750565,2259.916389923815,27.77222730112846,108.44485140927613,2.921682406589616,11.43141957552706,51.72852667023591,0,2026-09-03 06:33:50
2024-01-09 15:07:00,CNC-02,M,298.963217916235,313.33784458253746,1474.0439238278582,48.554843008548694,77.18610124740204,2.2128407997163624,13.303850107064283,,0,2026-09-03 06:33:50
2024-01-09 01:06:00,CNC-03,H,298.1959388707568,310.20013095314044,2486.4649521313645,17.117207931672162,89.55561104864955,3.122908349214962,7.660874977670621,50.05391103341067,0,2026-09-03 06:33:50
2024-01-09 14:11:00,CNC-03,H,298.47603502483304,313.53006466869215,1446.7360603151164,51.82839048269095,194.2117822354806,2.6048152117887846,14.13426122365549,48.325865359070974,0,2026-09-03 06:33:50
2024-01-09 19:06:00,CNC-02,M,300.70017224973816,315.1133564039415,2186.0806268135966,29.996775758556893,200.80307313362653,3.5030022025773455,11.957422134209898,49.28109951741279,0,2026-09-03 06:33:50
2024-01-09 06:23:00,CNC-03,H,295.8662424971292,310.3124763141703,1841.250225903617,38.52973761677505,196.76750061649952,2.932547613743935,13.286193800833946,54.1847459304861,0,2026-09-03 06:33:50
2024-01-09 22:01:00,CNC-02,M,300.3726228222142,314.02982063234873,2673.6027338667222,20.01196503511418,150.92202808992508,3.5211427666297355,10.124211227773346,48.77090078292784,0,2026-09-03 06:33:50
2024-01-09 15:44:00,CNC-01,L,26.03985862737028,39.62972673754405,1667.828510176446,39.86205084585232,5.91558046056194,2.280699808789152,12.360181955750926,50.01299858586879,0,2026-09-03 06:33:50
2024-01-09 13:46:00,CNC-01,L,298.3947560015096,311.9930049859477,1412.9210791615487,47.43913154028568,51.87027817455429,2.087600871026174,12.589691635193082,53.27515512487416,0,2026-09-03 06:33:50
2024-01-09 15:57:00,CNC-01,L,25.83482798960057,39.76776101631947,1787.3763051117603,38.11986481340938,25.091157462078773,2.4126542506929596,12.789352909754788,53.83354851485857,0,2026-09-03 06:33:50
2024-01-09 17:46:00,CNC-02,M,27.266622177676993,40.916283298762835,1966.2903100267383,31.52386104298713,96.80734417442373,2.57323975906238,11.703001488574456,48.77937413514617,0,2026-09-03 06:33:50
2024-01-09 18:38:00,CNC-02,M,300.398405183882,314.2818721555887,2146.157063170136,28.04449173447452,165.336093402769,3.1010191801088336,11.279179070801426,48.835734178161175,0,2026-09-03 06:33:50
2024-01-09 18:42:00,CNC-03,H,300.28964100703496,314.71330056942725,2185.8085511076847,33.35536310871648,88.35701640071788,2.8308638645380526,13.828583447272795,54.924663445385995,0,2026-09-03 06:33:50
2024-01-09 02:13:50,CNC-02,M,298.586890445299,311.65992760491787,2661.666480920618,18.45125712268917,171.0369788532268,3.6441830396254913,9.25446433399491,55.857475977985935,0,2026-09-03 06:33:50
2024-01-09 12:18:00,CNC-03,H,297.4932343876792,311.2637658885798,1396.0345082903625,1408.7918838490702,15.94030188667759,2.170435692071605,13.136315410125162,56.516739222999036,0,2026-09-03 06:33:50
2024-01-09 07:04:00,CNC-01,L,295.97198694630856,310.37414850973823,1916.9083311332656,38.112703555782225,103.29703639166446,2.6036335066345644,13.828320911772469,64.68263554893858,0,2026-09-03 06:33:50
2024-01-09 00:48:00,CNC-01,L,298.82527370471576,310.85701377343537,2674.7036665547544,17.35658091866552,58.49643630359975,3.303842204338846,0.0,52.46265825317029,0,2026-09-03 06:33:50
2024-01-09 04:50:00,CNC-03,H,296.6225997171503,310.3502005880915,2221.7185230881005,30.25783661044706,75.66423186807678,2.83664349885839,12.73789270204877,57.33371087244821,0,2026-09-03 06:33:50
2024-01-09 02:44:00,CNC-01,L,297.05659073979314,309.8273899531746,2555.6355978524184,18.62034771749888,185.27062638871735,3.6440460593356065,8.967865679864333,55.11129864289854,0,2026-09-03 06:33:50
2024-01-09 05:03:00,CNC-01,L,301.9466958717386,310.443914347797,2211.6995348828996,32.7598927222147,2054.2507141844294,3.313998258880165,13.353335997758737,51.42287869261284,0,2026-09-03 06:33:50
2024-01-09 17:57:00,CNC-02,M,27.457111090374553,42.496321433255616,2011.122281078618,38.313061084417534,111.63422936188091,2.7378802286466293,14.484180850275056,,0,2026-09-03 06:33:50
2024-01-09 04:49:00,CNC-01,L,296.2763450613525,310.11631879260744,2340.2498624155755,27.259147588367007,142.3172030904853,3.242255058496144,11.985267770952811,55.18857619603032,0,2026-09-03 06:33:50
2024-01-09 14:45:00,CNC-01,L,298.33817283037143,313.14682355072614,1667.9187699099443,47.16616800648028,143.159542905884,2.5451202660361423,14.75860576055389,53.43600426578269,0,2026-09-03 06:33:50
2024-01-09 15:30:00,CNC-01,L,25.666156579360518,41.14243385502908,1650.5789099076871,48.66675943809505,211.28607111814327,3.262640235636918,14.840485825361394,55.65666323185748,0,2026-09-03 06:33:50
2024-01-09 04:45:00,CNC-03,H,296.53212883524253,309.8336838172467,2383.116301876428,25.17566861856724,69.39884618282929,2.9178597884720987,11.185743591627674,56.70339669164141,0,2026-09-03 06:33:50
2024-01-09 06:34:00,CNC-03,H,296.26384286387656,311.2875494746648,1779.6057761658512,40.9608778009952,211.79250479255174,3.002171948916176,13.680237822668596,55.59838871892284,0,2026-09-03 06:33:50
2024-01-09 00:20:00,CNC-01,L,298.746773525055,310.10090684533145,2726.8462590528643,13.113476998301511,28.53367857152003,3.24881672841058,6.4999680140989895,52.326785306668874,0,2026-09-03 06:33:50
2024-01-09 23:19:00,CNC-02,M,299.57827486695476,313.1206938206634,2761.722708544128,17.013534082218676,234.9149181771954,4.388391842288869,8.587858290009645,52.234660312078546,1,2026-09-03 06:33:50
2024-01-09 03:21:00,CNC-01,L,297.0224316313482,310.04123887735943,2494.9377726018733,24.238144954183205,36.504505299475646,2.974735561674548,11.231862093078822,54.07122145241252,0,2026-09-03 06:33:50
2024-01-09 07:00:00,CNC-02,M,296.3228742560818,309.38042634152873,1900.719419290594,30.684169308051843,44.30934538624164,2.5077311964044107,10.814455816577109,59.533591612136426,0,2026-09-03 06:33:50
2024-01-09 21:57:00,CNC-01,L,300.81701373692874,313.64666431673,2491.295914637951,21.698881401678456,64.53932940358592,2.904571843538297,10.19759261593683,48.44542518440782,0,2026-09-03 06:33:50
2024-01-09 11:26:00,CNC-03,H,296.75122257426426,311.6156703385589,1313.2859983943338,56.12858075085706,204.0284133489296,2.5886807789948114,13.959364871449267,57.85454727275143,0,2026-09-03 06:33:50
2024-01-09 11:41:00,CNC-03,H,296.88634812387824,312.04371193260056,1393.611997179559,56.18281942784792,227.67161900917458,2.913079078663495,14.741011901077442,52.809279929423695,0,2026-09-03 06:33:50
2024-01-09 08:37:00,CNC-03,H,296.0134099274397,310.47656209288493,1549.8044988516356,46.05012018261932,158.29147829442462,2.5802501714482626,13.27449170864461,59.61097549968968,0,2026-09-03 06:33:50
2024-01-09 03:44:02,CNC-02,M,297.47810930261255,310.18776770298814,2467.755206670841,21.221042755002102,19.825773154244523,3.0492592563449237,9.789682125527737,57.43477514312779,0,2026-09-03 06:33:50
2024-01-09 13:39:00,CNC-03,H,298.1664891505464,312.6872909579566,1452.1207046978795,49.01780114452776,144.24762832009182,2.2978585839993833,13.031163625821941,53.324938327267695,0,2026-09-03 06:33:50
2024-01-09 12:33:00,CNC-02,M,297.6138744785826,311.65065680670193,1277.8005158899527,52.532847165543544,76.08474202372463,1.8641764068492708,12.37912178322777,57.04146800909208,0,2026-09-03 06:33:50
2024-01-09 23:26:00,CNC-01,L,300.3200130012398,312.5621420890849,2721.3808050788825,16.452674107446175,160.25408952490525,3.677869582830115,8.472197700751453,51.15693584727496,0,2026-09-03 06:33:50
2024-01-09 11:15:00,CNC-02,M,302.7125287641078,311.83554281307846,1381.0696698658414,54.40792232975523,201.51752141920437,2.7234739071482816,14.024823461719855,46.413120815054285,0,2026-09-03 06:33:50
2024-01-09 14:47:00,CNC-01,L,298.6168531813369,312.3360600708819,1467.8176559096773,44.71796113297672,146.16595736538088,2.4264993935919845,12.554517484236804,52.19244197278153,0,2026-09-03 06:33:50
2024-01-09 10:40:00,CNC-01,L,296.65666116222667,311.27313143558274,1327.9520799662405,52.67620973834963,193.15740612376447,27.02200272987517,13.00897358815183,55.10683550772815,0,2026-09-03 06:33:50
2024-01-09 00:38:00,CNC-02,M,298.93905741234266,311.2207989410826,2710.7199008345265,16.397632803809508,68.68009151812315,3.1972348768212173,8.513759916383808,52.367712211835276,0,2026-09-03 06:33:50
2024-01-09 06:14:17,CNC-03,H,295.9259266662055,310.90434672677026,1834.6329997710286,42.29192118239999,183.17408101005776,2.715130823158633,14.856729179291518,59.64174753401919,0,2026-09-03 06:33:50
2024-01-09 19:13:00,CNC-01,L,300.1636633997079,313.6358972177098,2273.350773087323,26.65114268539556,91.12305833729275,3.0116356526560937,11.41194349417075,49.67099422716191,0,2026-09-03 06:33:50
2024-01-09 00:00:00,CNC-03,H,298.9244190939592,310.648372505244,2596.9152054187402,16.822304730732633,19.316081784741986,3.2317673092011407,8.314557417839126,51.39691487335741,0,2026-09-03 06:33:50
2024-01-09 09:10:14,CNC-02,M,296.23526743642213,309.92290624533223,1508.3452517759504,45.62137149527315,6.174940136086681,21.3495513566784,13.165952002619214,60.57301041138151,0,2026-09-03 06:33:50
2024-01-09 20:45:00,CNC-03,H,299.89076766665545,312.33884118683517,2572.631267841546,20.82350266976665,14.979531697690382,3.0818718387680106,10.101626218402105,51.54717059116035,0,2026-09-03 06:33:50
2024-01-09 00:43:00,CNC-02,M,298.8850901210683,310.2241083107916,2748.46192505393,12.252194624599294,73.90179042088396,3.335026946367019,6.479953002929609,56.32690245583721,0,2026-09-03 06:33:50
2024-01-09 08:12:00,CNC-02,M,296.08023362615677,310.880577338718,1842.0992187595543,40.85083650217618,147.70733311823054,2.634289957761066,14.266232747716716,59.30883656522021,0,2026-09-03 06:33:50
2024-01-09 16:00:00,CNC-01,L,26.07481338312931,39.99800225001553,1690.6625292895515,42.18725529803659,29.540772671397196,2.3885114011666078,13.189523229793915,50.24763065481482,0,2026-09-03 06:33:50
2024-01-09 14:01:00,CNC-02,M,298.305684973718,313.8893455302267,1410.5745117482898,58.83953062812092,214.71797414065279,2.8069361884586868,15.909907730958707,54.38925971246531,1,2026-09-03 06:33:50
2024-01-09 00:32:00,CNC-01,L,298.9512949512298,310.7350855545276,2679.282080420318,14.439854666718675,41.32293732124346,3.136137715244688,7.093138544902374,56.336869177159635,0,2026-09-03 06:33:50
2024-01-09 03:00:00,CNC-03,H,297.6367207747988,311.26717568101844,2515.2733526612915,22.799969524560346,215.0128365783037,3.496625533197254,10.976919370020642,59.157926511925794,0,2026-09-03 06:33:50
2024-01-09 13:48:00,CNC-01,L,298.5906979436456,312.34795259313915,1491.3962698442929,46.109712744500825,54.94985112807175,2.080411381359987,13.125761942128483,54.26182154270043,0,2026-09-03 06:33:50
2024-01-09 01:19:00,CNC-02,M,298.82081764563526,311.7502790998136,2712.8784716515074,19.306634390685076,112.50585287559718,3.3415262035753917,9.594963800288983,50.803742251968146,0,2026-09-03 06:33:50
2024-01-09 05:07:00,CNC-02,M,297.1140140567784,311.13902303011116,2221.398717719852,29.610121258916795,122.07671438865826,2.976049123191325,12.489402867175917,57.812691412977344,0,2026-09-03 06:33:50
2024-01-09 16:08:00,CNC-03,H,25.93835128612659,40.0799252798991,1718.883340894465,40.76055816604776,110.1763064352877,2.4398668642069223,13.127030832096168,52.931651802471436,0,2026-09-03 06:33:50
2024-01-09 01:50:00,CNC-03,H,298.3578979562859,311.48992232858654,2497.374013651278,21.736049229880514,136.88407458853763,3.087691159218742,10.382128602916058,51.759938998423486,0,2026-09-03 06:33:50
2024-01-09 12:29:00,CNC-01,L,297.6724689572835,312.26494854345435,1417.9668628248157,50.77015111679497,158.4236455308114,24.277395269478053,13.56804395696845,52.728412098404675,0,2026-09-03 06:33:50
2024-01-09 05:21:00,CNC-02,M,296.777624513256,310.8606757236234,2194.083159418245,30.5951700640851,140.02831934466053,2.9891420145563163,12.409022424506409,62.13735635190808,0,2026-09-03 06:33:50
2024-01-09 04:03:00,CNC-01,L,296.6151062699177,309.75670128257616,2388.2615117908,24.368228829948396,86.29275905569364,2.9077160431287243,11.065447566856356,53.02502837229553,0,2026-09-03 06:33:50
2024-01-09 11:21:00,CNC-01,L,297.0235206965792,310.7376937973914,1624.8974596315002,41.23694734405814,50.47920721151635,2.049456864702554,12.539892621473511,54.171326651945535,0,2026-09-03 06:33:50
2024-01-09 04:17:00,CNC-03,H,296.9931848895327,309.5903032626455,2367.9320244742767,22.703769762651515,34.89110394551706,2.9321081434302156,9.91667205915089,60.00369377467794,0,2026-09-03 06:33:50
2024-01-09 04:52:00,CNC-01,L,296.32352645766383,309.7738792018387,2242.0095541006167,26.333557053581046,146.04572962406814,3.0774492691813276,11.096472935748693,56.21048554224277,0,2026-09-03 06:33:50
2024-01-09 05:22:00,CNC-01,L,301.49523424250424,310.1197044247456,2148.362249597775,32.714772870141005,184.00222301890471,3.3572583318461247,12.943838662718555,1884.3121597785325,0,2026-09-03 06:33:50
2024-01-09 05:58:00,CNC-02,M,296.9265847825023,312.1517534670416,2033.5972590011756,37.57749663744862,188.45214636409094,30.354445699265142,14.489515887514646,57.66975788515663,0,2026-09-03 06:33:50
2024-01-09 20:48:00,CNC-01,L,300.6897203203241,315.2965746891535,2499.513998734224,27.69026180093244,204.77648320196118,3.912914844847541,12.923907046601368,50.912729547358964,0,2026-09-03 06:33:50
2024-01-09 08:04:00,CNC-01,L,295.8839229641294,310.40526164524874,1715.226169163663,41.55065898241945,189.50642164446467,3.092210401428239,13.0662331806223,57.85962744192648,0,2026-09-03 06:33:50
2024-01-09 12:34:00,CNC-03,H,297.39833917136923,311.36902459327024,1401.1948771622665,50.159419539620984,41.30039451744319,2.098961848045938,13.145268629438188,53.27990898428786,0,2026-09-03 06:33:50
2024-01-09 04:46:00,CNC-03,H,296.6767933837657,310.1825960254739,48629.2774354636,28.832752675107567,70.65680226802162,2.8084002225142384,11.385527380737042,59.12732620642146,0,2026-09-03 06:33:50
2024-01-09 17:07:00,CNC-01,L,26.88609204750793,41.168713136891824,1870.077625162195,36.45180396950568,125.08627333760379,2.6346278455382897,12.440955935010669,52.806471954509384,0,2026-09-03 06:33:50
2024-01-09 12:02:00,CNC-03,H,297.27446219951554,313.07727310631714,1428.2058814028294,59.14016052667514,260.954303196701,3.283505869920887,15.74062771437059,54.21604548474797,1,2026-09-03 06:33:50
2024-01-09 21:45:00,CNC-03,H,305.53878311565563,312.92454356560296,2567.6404252488173,23.89519638518066,83.02782851656958,3.1060526853328825,11.25134669118794,43.74112980212459,0,2026-09-03 06:33:50
2024-01-09 11:59:07,CNC-03,H,297.3639727204299,312.82081513877415,1487.6846454809177,53.61018109704665,254.5918584041267,3.23774882274683,14.9349396696414,54.82266590434745,1,2026-09-03 06:33:50
2024-01-09 15:52:00,CNC-03,H,26.127556635797475,40.39646139456033,1801.5843823040639,40.308099918765286,86.80771760252311,2.379650058764071,13.59969914987697,48.70214320062351,0,2026-09-03 06:33:50
2024-01-09 22:16:00,CNC-03,H,305.69302733519544,312.0202349964379,2709.5684011108315,16.953701553109255,117.24998434082272,3.403660705040717,8.547126916611642,40.40940261481073,0,2026-09-03 06:33:50
2024-01-09 00:03:24,CNC-01,L,299.1969187940132,310.5834914704974,2693.850082264973,14.392074151306113,11.559754284044049,3.192054517088989,7.2652718843882065,47.1484923517489,0,2026-09-03 06:33:50
2024-01-09 05:42:00,CNC-02,M,296.9050106010037,311.14855046224153,2182.314394211157,30.714302116275448,167.30332115400128,3.1794518222179247,12.424153817435773,61.847065286682266,0,2026-09-03 06:33:50
2024-01-09 12:00:00,CNC-01,L,297.12989392994854,311.52052143647074,1351.1837301454061,53.24124149962167,112.49550478533452,2.0994462314457105,13.389166290464551,60.56858610634484,0,2026-09-03 06:33:50
2024-01-09 02:09:00,CNC-02,M,298.2566463581519,311.0033433389915,2653.124058285382,17.233627433293687,166.58318792304263,3.5756741668214156,8.733060513097152,57.850600190150686,0,2026-09-03 06:33:50
2024-01-09 00:23:00,CNC-03,H,298.8608038516725,310.48613789039985,2742.8670131085537,14.626362902179531,43.751356729962545,3.2480363892534365,7.559930486691225,51.82616696143261,0,2026-09-03 06:33:50
2024-01-09 22:53:00,CNC-03,H,305.37396533205504,311.48893460625413,2616.2095201117677,15.622923764129379,157.1648545576598,3.429777103300445,7.582656952222576,40.660826065076,0,2026-09-03 06:33:50
2024-01-09 00:11:00,CNC-03,H,299.0236856587226,310.97321226637604,2760.2047807932317,15.717188079301678,31.02188923299739,3.294918914427406,8.298249174221061,52.03358875035778,0,2026-09-03 06:33:50
2024-01-09 16:14:00,CNC-02,M,26.489070758037712,41.79497285528254,1838.2509312005288,42.72951376322011,176.29303684982364,2.8596452974138304,14.912631323030556,50.9338388414089,0,2026-09-03 06:33:50
2024-01-09 09:26:00,CNC-01,L,296.05218771432385,310.5933767020783,1558.8039826095144,49.4934597434046,77.63773782410786,2.190586132541879,14.27405493998792,60.246192760113914,0,2026-09-03 06:33:50
2024-01-09 16:28:00,CNC-03,H,299.64808853296586,314.4015372788142,1896.653143593912,38.88779523181699,139.1388191443044,2.6391560640351526,13.439871770956687,53.5334614003503,0,2026-09-03 06:33:50
2024-01-09 14:54:00,CNC-02,M,298.6614660132084,313.39142593127104,1733.2588892760364,44.034027046200386,57.22024318140071,2.2707576846964903,14.0499908251339,54.83647812600041,0,2026-09-03 06:33:50
2024-01-09 20:26:00,CNC-02,M,300.70840747675436,313.4491696477286,2391.6693869854885,21.406507883855753,43.75710200941959,,9.401459668274915,50.864901015975335,0,2026-09-03 06:33:50
2024-01-09 20:23:00,CNC-03,H,300.1354540103588,314.84828920101046,2384.2429267364378,29.47893503043813,212.08520705464076,3.6022963092583717,13.074336875657885,54.59200261358379,0,2026-09-03 06:33:50
2024-01-09 07:51:00,CNC-03,H,296.00706884122974,310.71428384127125,1660.7842448325323,48.15292417995754,90.41200055255837,2.3467301332261754,14.792486557579823,57.740049379921125,0,2026-09-03 06:33:50
2024-01-09 18:01:00,CNC-02,M,27.370348377536004,41.89475262093799,2124.3020481235712,33.48509431986583,116.91549258619914,2.831971924157978,13.222276297105092,50.13405226142371,0,2026-09-03 06:33:50
2024-01-09 17:43:00,CNC-03,H,26.634984081279413,40.71934149421514,1963.3709072025003,38.3354853174056,10.799600356822264,2.569006406027758,14.150549379958406,49.7664176759597,0,2026-09-03 06:33:50
2024-01-09 01:31:00,CNC-01,L,298.0988637342266,309.55065417788825,2636.6441576861644,14.319855110480269,104.93238008658255,3.2340535943662507,7.155049706081011,52.13483696951065,0,2026-09-03 06:33:50
2024-01-09 21:26:00,CNC-02,M,300.17963693067327,313.4175439907877,2556.7898748103275,19.86883855078702,112.0163021739681,3.221911264260846,9.555369185003979,50.49248134502109,0,2026-09-03 06:33:50
2024-01-09 04:37:00,CNC-01,L,296.11035515448276,310.1470004429599,2143.2558342204843,32.01342453867705,127.60741241156498,2.8990607892682094,12.767210929773698,62.547204761385046,0,2026-09-03 06:33:50
2024-01-09 07:40:00,CNC-01,L,295.87813846956755,311.01230643639,1767.3818791506321,44.955148305486404,154.62782302035828,2.677628743743958,14.687503902758671,58.377693891346006,0,2026-09-03 06:33:50
2024-01-09 18:21:18,CNC-01,L,300.3157263726002,313.2740428366641,,28.29024792598746,23.707059845784503,2.6599380614505153,11.280628756177878,50.81050254863121,0,2026-09-03 06:33:50
2024-01-09 04:15:00,CNC-02,M,297.2748488397383,310.7782925531317,2313.472746949214,26.946427860932847,58.13770778960374,2.802362945413283,11.573370474494485,60.95816555042361,0,2026-09-03 06:33:50
2024-01-09 20:26:00,CNC-01,L,300.4121937185498,312.9210445760152,2452.898716037659,18.508993587483765,179.10406432788358,3.5748582421177293,8.49295246839932,54.11909540161743,0,2026-09-03 06:33:50
2024-01-09 10:53:00,CNC-02,M,302.4062248680828,311.13854189331374,1472.0104050580198,49.548707336920884,166.6554035450794,2.5162494376662625,13.71490961837246,46.32700839351314,0,2026-09-03 06:33:50
2024-01-09 21:54:00,CNC-02,M,300.49465122165077,314.0375282796967,2649.0177576222227,20.603122447961088,143.2549017157107,3.4146927333323616,10.02861678687686,46.83391931037882,0,2026-09-03 06:33:50
2024-01-09 19:41:00,CNC-01,L,300.6363608538683,314.2425473622329,2293.6340195638586,25.422130306153157,125.41742247212451,2.9480736251418507,10.709332864597249,45.613768103364976,0,2026-09-03 06:33:50
2024-01-09 09:17:00,CNC-01,L,296.1784317114356,310.6190331127073,1500.4022628488522,51.03290090953442,63.89874794558683,2.097998577284234,14.437393752845589,57.82027884670284,0,2026-09-03 06:33:50
2024-01-09 09:43:00,CNC-03,H,296.1992442001633,310.2536028524071,1507.8571518655133,46.217500077035005,41.56151488935628,2.2022939840736466,12.779300490014407,58.746863321030695,0,2026-09-03 06:33:50
2024-01-09 03:57:00,CNC-02,M,297.4459557692996,310.7027795594549,2318.5121488619375,26.21428957993909,36.55705084120721,2.863682428228367,11.236985686777832,57.5220409923593,0,2026-09-03 06:33:50
2024-01-09 22:03:00,CNC-01,L,300.4713531175024,312.37083004271466,2697.3689859288575,15.515251267445112,70.96186927123101,3.2944863837935685,8.057837899086083,55.08613454279298,0,2026-09-03 06:33:50
2024-01-09 22:22:00,CNC-01,L,300.5006524296408,312.13719593082016,2776.9284056683514,13.63254126322,91.4829932695737,3.378868732038043,7.280930090372,46.62115260236821,0,2026-09-03 06:33:50
2024-01-09 05:58:03,CNC-01,L,295.93810206927697,309.4312017492281,2101.959893009303,,14.567145498543045,2.673335873813104,12.29494206794987,57.46802865848248,0,2026-09-03 06:33:50
2024-01-09 16:06:00,CNC-01,L,26.245099114561185,40.27434645785269,1736.7409923052476,41.08329682607237,38.25758705402251,2.455500338800457,13.767770343943642,54.922553153395235,0,2026-09-03 06:33:50
2024-01-09 08:58:00,CNC-03,H,296.08075575458145,310.99988687667496,1589.3008246992683,47.233403142705235,190.04226025017616,2.8279689518750493,14.297778409217859,57.16179229406084,0,2026-09-03 06:33:50
2024-01-09 20:51:00,CNC-02,M,300.4841238004234,313.03269258946506,2578.370493708513,18.064617922304176,72.48591972744515,3.2690653898255424,8.768212760753036,54.62204173726247,0,2026-09-03 06:33:50
2024-01-09 09:13:00,CNC-03,H,296.3516278274273,311.2146942142993,1579.4308611748904,46.52177820621137,212.811718203259,2.844758678700462,13.375523617163289,59.487702230627164,0,2026-09-03 06:33:50
2024-01-09 05:11:00,CNC-02,M,297.1987818615695,311.3538918338234,2138.530043462019,31.578871201866242,127.2697678817295,2.8987679169634517,12.675331610265886,58.53255728763072,0,2026-09-03 06:33:50
2024-01-09 23:40:00,CNC-03,H,299.64541086630635,313.09878864144616,2711.285933531054,20.703505571784017,207.3092424225494,3.788855578462953,10.220325113756282,51.001703249270335,0,2026-09-03 06:33:50
2024-01-09 10:17:00,CNC-03,H,296.36208043411386,310.3768717097476,1369.8099600086,,,2.063927159517915,12.513783267753082,60.25267699985268,0,2026-09-03 06:33:50
2024-01-09 14:54:00,CNC-01,L,299.0646833592401,314.05029884704237,1693.2825793485963,45.30182750823512,156.90160865878997,2.806623301186858,14.523071129103045,54.35347009725675,0,2026-09-03 06:33:50
2024-01-09 11:42:00,CNC-02,M,302.6069434929289,312.0302059806785,1375.4935795977663,56.63710028549803,244.17044665640464,3.126581190598193,14.554250434110257,42.57467148560471,1,2026-09-03 06:33:50
2024-01-09 21:47:00,CNC-02,M,300.42515294010894,313.96654171313594,2692.0023728850133,19.805317034171917,135.46373767618604,3.440970185700242,9.996161370201703,49.900771865168444,0,2026-09-03 06:33:50
2024-01-09 15:38:00,CNC-02,M,26.151099982976973,41.1372918469811,1806.5383704144685,43.03209347320712,123.57885580087455,2.6777632746903306,14.770118732240965,55.63278647868964,0,2026-09-03 06:33:50
2024-01-09 08:10:00,CNC-03,H,295.70597914096186,310.26577849264186,1750.8549819439886,42.85423296234,118.08353564634574,2.5806965512060613,14.049655066272026,55.77652610796089,0,2026-09-03 06:33:50
2024-01-09 15:08:00,CNC-03,H,298.9585246072978,313.3080918608961,1593.9339546826245,47.61805686725021,21.2510090052001,2.242719405489183,14.052416085327517,55.81617721958765,0,2026-09-03 06:33:50
2024-01-09 15:33:00,CNC-03,H,26.024086407875586,40.38355370064761,1625.3238328648035,46.30120724143019,58.69594622293323,2.3965011889399466,14.033032339354538,54.53255800411547,0,2026-09-03 06:33:50
2024-01-09 05:40:00,CNC-01,L,301.6572793477521,310.5200646065263,2056.9959287041775,34.97944804062439,207.19737588337605,3.4728024646201567,13.411485906141273,49.78846021134408,0,2026-09-03 06:33:50
2024-01-09 18:23:00,CNC-03,H,300.05884999063835,313.50593599411627,2163.520713759795,29.955214959661017,63.69159421184852,2.7921664487868156,12.264988422582624,50.13616245622767,0,2026-09-03 06:33:50
2024-01-09 01:42:00,CNC-02,M,298.6949674034298,311.7798663075009,2512.179862466196,21.341360858742828,137.27629832700467,3.251499338411688,9.933284944913146,54.15171481197152,0,2026-09-03 06:33:50
2024-01-09 09:23:00,CNC-03,H,296.25362721560845,309.59029708344644,1445.6920660777018,46.24154991161093,10.840300278370442,2.0823945061486575,12.630983494991737,60.42118619818821,0,2026-09-03 06:33:50
2024-01-09 23:41:00,CNC-01,L,299.6479521674392,312.42339944386003,2677.5578442929127,18.15958309631554,175.99906498561137,3.7881434058328676,9.362388246065919,50.82891485880217,0,2026-09-03 06:33:50
2024-01-09 20:40:00,CNC-03,H,300.2835176812158,312.6286002414272,2363.9639676522984,22.264900996022128,9.16866925571816,2.8562847146920496,9.699159825973213,53.89077501224596,0,2026-09-03 06:33:50
2024-01-09 18:20:00,CNC-02,M,300.52973332445634,315.10396931302495,2105.813453772869,34.31077276894706,142.06951611934377,29.090900678075847,,50.66666395700105,0,2026-09-03 06:33:50
2024-01-09 02:32:00,CNC-01,L,297.42764715552386,310.55911108521195,2563.2999983648892,21.614507776059767,171.87209518418348,3.6253449460762064,10.402858235210902,58.01121022878392,0,2026-09-03 06:33:50
2024-01-09 10:43:00,CNC-02,M,302.24060209541176,310.81461147334835,1342.1494378285843,53.6588343594045,150.81298762320037,2.3292334059992834,13.287792784454638,47.895982828185396,1,2026-09-03 06:33:50
2024-01-09 09:23:00,CNC-01,L,296.2391670574249,310.5763845904716,1584.314109124377,47.200122374899465,73.10099080070407,2.279969706021711,13.763034196284295,60.0306938809437,0,2026-09-03 06:33:50
2024-01-09 00:56:00,CNC-01,L,298.46522307402773,310.38289643958205,2638.416234452799,15.42360607859866,66.9519529778413,3.3054430710237988,7.735342887208243,53.04451529383289,0,2026-09-03 06:33:50
2024-01-09 21:12:00,CNC-02,M,300.59271783999293,313.8584654294698,2534.2921869920133,21.402198644943564,96.24778120185142,3.0641493448495956,10.098832936711478,50.642788904701774,0,2026-09-03 06:33:50
2024-01-09 17:23:00,CNC-01,L,27.200615953803094,42.15326044767346,2096.8032375987814,36.2545926677609,147.1808960889129,2.9480018179671754,14.309412049831057,45.839812675405106,0,2026-09-03 06:33:50
2024-01-09 11:00:00,CNC-03,H,296.35456983964065,310.747425298891,1346.6135301954594,50.406033395346306,162.84215928315461,2.315373829059115,12.952288040417399,57.41234284601454,0,2026-09-03 06:33:50
2024-01-09 14:40:00,CNC-02,M,298.55185722264486,312.8697045333622,1615.542590860466,44.714250008304845,35.72967459241048,2.143679806827406,13.509216674964376,52.54326183716829,0,2026-09-03 06:33:50
2024-01-09 16:16:00,CNC-02,M,26.391699504110534,42.11123829334991,1647.8569520629858,50.53092690365938,179.2796641187876,2.778060698642742,15.74295333007135,55.214166448558125,0,2026-09-03 06:33:50
2024-01-09 13:16:00,CNC-02,M,297.8088157597226,312.8086915804893,1341.873593296249,54.95013437280526,143.89144253334595,2.269158562361044,14.145858607978997,54.730878610639905,0,2026-09-03 06:33:50
2024-01-09 04:33:00,CNC-03,H,296.76729043117126,310.44590550006245,2327.7519396853468,27.930803682678434,54.373643809050506,2.8828380826691618,11.914157994485077,60.38508894828624,0,2026-09-03 06:33:50
2024-01-09 04:22:00,CNC-02,M,297.17628232106904,310.04084561056567,2368.3453605704417,23.973316353063495,66.47619116554826,2.9589851243021816,10.451426838826233,57.42316320293305,0,2026-09-03 06:33:50
2024-01-09 16:15:00,CNC-01,L,26.2923531991961,40.06428277284516,1780.9534855856439,38.278249586314345,51.2574054516678,2.379124308172365,12.824173800318697,52.89660508524282,0,2026-09-03 06:33:50
2024-01-09 18:56:00,CNC-03,H,300.64040298694385,314.4150542626319,2285.6216442218774,27.65882850475011,106.12781294387715,2.9177392422661446,11.960817492674591,52.90434903408127,0,2026-09-03 06:33:50
2024-01-09 16:28:00,CNC-02,M,299.927377521812,314.8778257668126,1659.5242855860188,44.71693312078121,196.61478945637845,2.7815734632766422,13.964731984089397,50.91754206631674,0,2026-09-03 06:33:50
2024-01-09 03:54:00,CNC-02,M,297.4471500748662,310.87940799916106,2231.4301832258466,29.855796113084665,32.92715569291449,2.828991016942744,12.431363830682315,59.49008005048618,0,2026-09-03 06:33:50
2024-01-09 10:59:00,CNC-03,H,296.5788783039589,311.1695250586848,1483.6033837958605,50.546447309438896,161.25806267531948,2.443519613679861,14.019191868423375,60.65617093296498,0,2026-09-03 06:33:50
2024-01-09 19:35:26,CNC-01,L,300.58158990875285,314.53752824083074,2413.3880252022927,27.292703896788186,118.14950353205917,3.1224607805259814,12.531218465508907,55.49794795736099,0,2026-09-03 06:33:50
2024-01-09 10:31:00,CNC-01,L,296.7752707402083,311.2471653483655,1348.4163097747924,52.3634783460525,178.9576550845281,2.6438576513235517,12.949229610819657,57.974441337787304,0,2026-09-03 06:33:50
2024-01-09 08:52:00,CNC-03,H,296.18757172408147,311.28029347337474,1481.6394193467388,52.66660251759948,180.9581278186485,2.464223946336376,14.63611443727279,58.66531328326295,0,2026-09-03 06:33:50
2024-01-09 20:44:00,CNC-01,L,300.70233042447524,314.85395979104624,2404.0749705454537,,200.1195925838183,3.7016735228328503,12.466211649466446,51.43447527004996,0,2026-09-03 06:33:50
2024-01-09 19:00:08,CNC-02,M,300.4529035767502,315.7937684408835,2264.4831677582956,34.20378182789206,193.16884657001202,3.3719727709082834,14.28031216010374,56.68248236926472,0,2026-09-03 06:33:50
2024-01-09 09:58:00,CNC-01,L,296.13421903259973,310.5468959259531,1367.013823662191,52.40531914117002,127.38145634250928,2.157366782124097,13.270028909302775,58.82566954903978,0,2026-09-03 06:33:50
2024-01-09 00:44:00,CNC-03,H,298.552686296403,311.6685268951698,2820.6124919433464,20.063299243558767,66.05182090246478,3.1778079794205514,10.418038584634917,56.571338561270174,0,2026-09-03 06:33:50
2024-01-09 17:47:00,CNC-02,M,27.00337541810194,41.50917644902904,1984.2306303561963,34.57281677807316,98.16919100534717,2.658719783625921,12.83351612739989,48.24859576460935,0,2026-09-03 06:33:50
2024-01-09 07:42:00,CNC-01,L,295.7689383704986,310.48947759167055,1758.1741457769715,44.28178765810485,157.49154448459132,2.8308452599964964,14.42085371890573,61.78623450494686,0,2026-09-03 06:33:50
2024-01-09 18:35:00,CNC-01,L,300.49795043344085,314.350368592377,2159.913368784419,31.431276407791373,43.05642818305447,2.7309289722950756,12.475847150073152,46.203932887612694,0,2026-09-03 06:33:50
2024-01-09 17:28:00,CNC-01,L,26.95702323865936,41.42713002469873,2067.6217119225644,35.58478085340177,154.04302840873274,2.938281849021656,13.751813602856394,51.88675617608412,0,2026-09-03 06:33:50
2024-01-09 02:31:00,CNC-02,M,298.1321829488633,310.65660586127314,2671.7995525277915,15.279286337389973,190.94699061556088,3.7016376362748638,7.730351569554184,55.636936708640995,0,2026-09-03 06:33:50
2024-01-09 13:04:00,CNC-01,L,298.08214444340587,312.8488994698384,1332.8611680584,55.572062489635684,213.84872370285333,2.9925083686847382,14.090842748228459,52.580669447123,1,2026-09-03 06:33:50
2024-01-09 04:59:00,CNC-03,H,296.41495584884973,310.19895757984597,2251.647655028948,29.477871380001968,86.86913062912816,28.74745359777531,12.675479298334553,58.57767375858968,0,2026-09-03 06:33:50
2024-01-09 19:54:00,CNC-03,H,300.4744790796277,314.3408300459534,2275.7269534237507,27.98717561327042,177.8598544862035,3.318071986715559,11.823196617050575,50.364888268810915,0,2026-09-03 06:33:50
2024-01-09 13:56:09,CNC-03,H,298.52815010571555,313.2304314115295,1492.7381120824414,49.95454722564846,172.44907465358332,2.493441207317554,14.038703864928973,53.530287926246764,0,2026-09-03 06:33:50
2024-01-09 15:20:00,CNC-03,H,25.8087866524196,39.55658619885702,1594.02456131493,42.635439713018364,39.305909044649994,2.2688635162647146,12.700476848130998,53.45432660932132,0,2026-09-03 06:33:50
2024-01-09 07:46:00,CNC-02,M,296.1464718298425,311.08965004719647,1805.5131737774113,44.24045071547485,109.51402197551825,2.5330333530791003,15.16670104358301,59.64116612456025,0,2026-09-03 06:33:50
2024-01-09 19:33:00,CNC-02,M,300.63604508635706,314.326344957033,2369.3811035881654,22.28635445444674,234.01788408102797,39.79252070155046,10.092042527810298,48.27162894338095,0,2026-09-03 06:33:50
2024-01-09 08:32:36,CNC-03,H,295.67776627795376,310.88757505290334,1787.0638446801606,46.82117131105143,153.75942797174844,2.6148161240878527,15.778286510653794,61.55734649476887,0,2026-09-03 06:33:50
2024-01-09 11:43:00,CNC-01,L,297.493501037505,311.8270366898397,1368.7349477603918,52.113533163069086,85.41776679235016,2.184749150528341,13.276422478483621,54.262211553933476,0,2026-09-03 06:33:50
2024-01-09 20:53:50,CNC-01,L,300.6435573357105,315.0173290122679,2429.778579119803,28.40313317450484,211.66481201347864,3.942410081607252,13.053196798336172,52.425151350261416,0,2026-09-03 06:33:50
2024-01-09 17:06:00,CNC-01,L,26.68363637583525,40.79129084919879,1786.6804420033789,38.63338690846589,123.70670650514069,2.579974108798496,13.097235626344554,53.0024087521252,0,2026-09-03 06:33:50
2024-01-09 15:38:00,CNC-01,L,25.763337961317802,41.19459904301999,1717.1609202310565,45.61991769872164,223.2109247731163,3.43073245963478,14.520545166896618,58.19436130652932,0,2026-09-03 06:33:50
2024-01-09 23:23:00,CNC-02,M,299.8150158467021,313.60641559879076,2597.330845214608,19.692196035087957,239.26308146150038,4.267471939802873,9.523506602748679,55.44877414756708,0,2026-09-03 06:33:50
2024-01-09 16:10:00,CNC-01,L,26.229534037175654,40.03602562937601,1674.614545950874,42.83611936880178,44.0491979413504,2.288653081122253,13.47096580445747,57.11596917953363,0,2026-09-03 06:33:50
2024-01-09 10:59:00,CNC-01,L,296.7236481577288,310.46321286983806,1440.3535645644795,50.59293415292792,15.824352406749036,2.103332484499158,13.550481992656486,58.75008726940882,0,2026-09-03 06:33:50
2024-01-09 11:25:00,CNC-01,L,296.9309550601318,310.18458156353745,1311.5852686855385,47.511273629996005,56.80397089325194,1.9873356451121604,11.716013416501838,59.35082063771801,0,2026-09-03 06:33:50
2024-01-09 05:25:00,CNC-02,M,296.88835256764185,311.18148378931846,2121.239702924779,33.593270034378335,145.22507898822914,2.902296271388075,13.089333391762816,57.2679627987504,0,2026-09-03 06:33:50
2024-01-09 22:10:00,CNC-03,H,305.7273906192684,312.4741472278734,2562.98018649484,20.32660338650975,110.74665741354687,3.256073789161111,9.757316281382174,39.54667014418421,0,2026-09-03 06:33:50
2024-01-09 01:57:00,CNC-02,M,298.6279275163137,310.83500932559247,2699.3210078887296,16.13805685396802,153.46563558550613,3.554580082792186,8.08620817322489,56.89815076862496,0,2026-09-03 06:33:50
2024-01-09 14:25:00,CNC-03,H,298.84932669805124,314.2675845668852,1434.857805877483,54.886694521553835,215.9549687857206,2.7355337046178843,14.816723048418536,49.57906732638419,0,2026-09-03 06:33:50
2024-01-09 04:55:00,CNC-01,L,296.14287009640685,309.6718786089726,2280.6719509321006,770.101210268754,149.79299699535736,3.09865639601657,11.523577681555292,57.00578818350434,0,2026-09-03 06:33:50
2024-01-09 03:04:00,CNC-02,M,297.8895025799762,311.9490813994969,2392.059188222648,25.259594693624614,228.5344487558499,3.8389792918902947,11.307006981456107,57.38811323891194,0,2026-09-03 06:33:50
2024-01-09 15:01:00,CNC-03,H,298.49307287963705,312.0601464493554,1462.1767123508278,44.95986634377836,10.68335312973034,2.1651872943530215,,56.20597650174081,0,2026-09-03 06:33:50
2024-01-09 12:15:00,CNC-02,M,297.4724763010631,311.4869954018926,1396.1417287076663,50.31869142180513,47.57117539007394,2.0482987975536253,13.120403368885954,52.162365865370276,0,2026-09-03 06:33:50
2024-01-09 19:36:00,CNC-01,L,300.6676260305423,313.9901806933571,2233.4706550429273,25.8882716666108,119.39111258682735,2.8998816996178465,10.87928671325674,48.110633192620135,0,2026-09-03 06:33:50
2024-01-09 07:35:00,CNC-02,M,296.0958122166857,310.21432622598104,1741.844865557381,39.23174055843885,93.71844100308027,2.3761459371373297,12.692360941179514,60.30009683364931,0,2026-09-03 06:33:50
2024-01-09 17:45:00,CNC-02,M,27.240614086288133,41.573445903329855,1985.0371551772425,35.88798992757467,95.43757237022587,2.7048076505315537,13.28003490586489,49.35606957261791,0,2026-09-03 06:33:50
2024-01-09 10:52:00,CNC-02,M,302.64331706266694,311.2483141985572,1425.972219111882,50.86726547301183,165.08320677596947,2.431533545335437,13.548720770877475,43.87972632963554,0,2026-09-03 06:33:50
2024-01-09 18:00:00,CNC-03,H,27.119822169383724,41.153349836576524,1947.8847043831604,36.346530798703554,33.61484380559146,24.923299743706064,0.0,53.9960157014388,0,2026-09-03 06:33:50
2024-01-09 12:26:00,CNC-02,M,297.1945826546928,311.30527212781493,1383.5733075604535,49.63075690516558,65.0202084373467,2.063989985961058,12.79079296639748,55.32952846252282,0,2026-09-03 06:33:50
2024-01-09 09:37:00,CNC-01,L,295.86361453825276,310.6123779350915,1473.7462277547952,52.951031029018395,94.60266147747105,2.103551756248024,14.633145204561124,58.91672668563006,0,2026-09-03 06:33:50
2024-01-09 13:10:00,CNC-01,L,298.0993224889688,313.04723491140555,1403.3606417151755,51.87665724767094,223.42775100014407,31.911322731211737,13.618400229951568,57.76739713780305,1,2026-09-03 06:33:50
2024-01-09 03:11:00,CNC-01,L,296.87359670048005,309.1708628668717,2427.7143164143367,19.6685534279805,25.14072043443631,2.8617809548449626,8.917386592348063,54.74416317141109,0,2026-09-03 06:33:50
2024-01-09 07:01:00,CNC-01,L,295.97758288978537,310.4530290503711,1755.5989322864743,41.5674444698916,99.15501425623411,2.502447390942519,13.336127758507773,59.403960111120924,0,2026-09-03 06:33:50
2024-01-09 22:48:00,CNC-03,H,305.79626004870585,312.9534039289764,2443.195541666503,22.60048658246012,151.84534503504068,3.3079536661955196,10.127748644695254,36.09652797761551,0,2026-09-03 06:33:50
2024-01-09 12:01:00,CNC-03,H,297.47303892153457,312.3159866742244,1337.4685142324568,53.8099180879041,259.354303196701,3.1708226967670745,13.252649451863185,58.9234212365061,1,2026-09-03 06:33:50
2024-01-09 05:56:00,CNC-02,M,297.19213193997496,311.65615379442534,2092.4485854424456,32.25382249525222,185.7514612986052,3.192753642142732,12.658721590147357,56.41151094848388,0,2026-09-03 06:33:50
2024-01-09 03:09:00,CNC-02,M,297.74604460768575,311.4356768086702,2499.043485958099,22.325920949595655,234.24293086971784,40.11795781121756,10.44488295415813,54.277853253173475,0,2026-09-03 06:33:50
2024-01-09 11:04:00,CNC-02,M,302.4095548849892,310.8153201720856,1330.181917084638,50.06971477055185,184.11337559234303,2.49358629606078,12.327262365780838,44.98408316874744,1,2026-09-03 06:33:50
2024-01-09 14:30:00,CNC-02,M,298.7126601115934,312.56273619211896,1520.3147403297444,43.059519364199886,20.23853011719177,21.890201647685686,12.096405418015829,52.957905251551566,0,2026-09-03 06:33:50
2024-01-09 14:43:00,CNC-02,M,298.87324017580175,312.90124324038635,1613.1625188118603,42.40161427991958,40.31572927808678,2.341372086059389,13.018992745460782,55.06258132259535,0,2026-09-03 06:33:50
2024-01-09 06:22:40,CNC-02,M,296.74940183084664,312.0279063756924,1842.9208266764474,41.48204677473883,222.20300284997595,3.421522840601793,13.934564274790718,57.60012676905403,0,2026-09-03 06:33:50
2024-01-09 14:51:00,CNC-02,M,298.7366537043141,312.83235833117607,1401.0490010666367,49.49662601566125,52.75290100752951,1.9997233344701904,12.954353190022417,59.089923438202625,0,2026-09-03 06:33:50
2024-01-09 18:45:00,CNC-03,H,300.3257646446898,314.88876361613995,2221.7243396427493,33.37313005645454,92.17564967893998,2.891250937904104,13.928149289646344,49.42683428634307,0,2026-09-03 06:33:50
2024-01-09 09:36:00,CNC-02,M,296.2426166500775,310.92171649513864,1557.0655066478496,50.60503941099253,46.06173875315409,2.2093467547417567,14.82992656544398,61.29660376867861,0,2026-09-03 06:33:50
2024-01-09 02:29:00,CNC-03,H,297.9746784285719,311.5091254808543,2592.5893376883064,21.679458457787472,179.88671476231477,3.44892511189039,10.754553738269397,59.303713853631656,0,2026-09-03 06:33:50
2024-01-09 12:18:00,CNC-02,M,297.5632536213907,311.27359780297536,1364.5711145218784,48.20464360629075,52.298534281749724,1.876769683432034,12.395309119085193,55.21133396429835,0,2026-09-03 06:33:50
2024-01-09 00:52:00,CNC-03,H,298.7344162183391,310.91300607945277,2614.5122164671748,17.582762446113076,74.56377204296176,3.143269086299161,8.44458346500646,56.24560702334801,0,2026-09-03 06:33:50
2024-01-09 09:54:00,CNC-03,H,295.92207011322677,309.9703352343461,1575.7183478591423,44.82967326929315,58.76431747496899,2.2030324418205867,13.083462197896191,57.530667448460754,0,2026-09-03 06:33:50
2024-01-09 15:19:00,CNC-02,M,25.717160700217107,40.231968192198394,1590.4439012951761,46.73922637401814,95.29283443763065,2.3415163912251815,13.977361808768402,51.854088967297145,0,2026-09-03 06:33:50
2024-01-09 06:01:00,CNC-01,L,295.82757837886567,309.1096870317769,2030.3829586248607,30.17216865605302,17.23539430351036,2.6825732974157637,11.212494372608173,57.16006702400089,0,2026-09-03 06:33:50
2024-01-09 17:31:00,CNC-02,M,27.151376669030128,41.38759427612683,1936.7110442848357,35.638753842973045,76.50595797564405,2.6027990037461843,13.073033430051073,52.48219626322919,0,2026-09-03 06:33:50
2024-01-09 08:40:00,CNC-02,M,296.6237056931675,311.7208535911693,1463.8452388273263,52.40816500996662,189.65068271055011,2.734316637274463,14.54738139049718,61.3491232005146,0,2026-09-03 06:33:50
2024-01-09 23:34:00,CNC-03,H,299.69229624930847,312.6855247108007,2690.716438776653,17.65416055339524,200.87545066287652,3.771200700845799,8.656474458778028,54.84402584386726,0,2026-09-03 06:33:50
2024-01-09 13:14:00,CNC-03,H,297.9565784657359,312.25505843764955,1339.06151379226,51.89973720857536,104.66790554041764,2.0822770351146187,12.976711919730908,51.70282531158003,0,2026-09-03 06:33:50
2024-01-09 08:45:00,CNC-03,H,295.87008690939297,310.6962734666507,1584.6265453612396,48.78041532631667,170.22822574429767,2.5822628279707986,14.304448050157625,58.04685961696099,0,2026-09-03 06:33:50
2024-01-09 06:13:00,CNC-01,L,296.3932935150468,310.6361372773606,1980.373943409099,36.17772885946105,33.16086097020854,2.6136844594220268,13.476252012243352,53.60479285708959,0,2026-09-03 06:33:50
2024-01-09 01:16:00,CNC-02,M,298.87945084096094,310.91836663257686,2795.0706236212177,15.1908942557913,109.20702444679758,3.4140052031761448,7.987387745778512,52.199584285422745,0,2026-09-03 06:33:50
2024-01-09 11:24:00,CNC-03,H,296.7728818596927,311.9582166049242,1411.7967428087536,55.92232712987728,200.85496646904306,2.576720827314698,14.827625527738618,58.577755137626305,0,2026-09-03 06:33:50
2024-01-09 21:18:00,CNC-01,L,300.70826053557494,313.35761713579103,2627.2762352293767,20.604163582590676,21.24472701162653,3.080237608300841,10.081554072763678,45.98907963048884,0,2026-09-03 06:33:50
2024-01-09 03:18:00,CNC-03,H,297.5016025937383,312.024214124892,2540.164346088245,26.482260755082326,235.5120088203173,3.904580949231601,12.61336381909918,55.102384135138365,0,2026-09-03 06:33:50
2024-01-09 03:10:00,CNC-01,L,296.9299174325271,309.7352918163935,2515.734424950434,22.722545458986822,23.96075930282956,3.1170133727057037,10.813176251124593,59.53160221422517,0,2026-09-03 06:33:50
2024-01-09 05:13:00,CNC-03,H,296.5333754081215,310.0267016227978,2189.192670177293,29.09153988274993,104.52960400942591,2.7817361155981315,11.843775113688793,61.273594181658105,0,2026-09-03 06:33:50
2024-01-09 19:10:00,CNC-02,M,300.51928755448955,315.30363406194925,2118.972391821698,31.89622837708096,2644.491244942896,3.4065875435859807,12.58463513074744,46.652125398258605,0,2026-09-03 06:33:50
2024-01-09 23:22:00,CNC-01,L,299.9714753855813,312.47895818722645,2794.142350119572,16.012305382137384,156.09234189705063,3.7052221891532766,8.62113125220467,55.83264476425971,0,2026-09-03 06:33:50
2024-01-09 23:47:00,CNC-01,L,300.02165241672026,313.1012055249859,2621.954442421972,19.741671007742717,182.44437031410058,3.8005197691122823,9.677728123648418,48.24144751903407,0,2026-09-03 06:33:50
2024-01-09 20:31:00,CNC-02,M,300.70658809938897,313.4143556661005,2401.5804562235962,20.77565387874217,49.57793627704548,2.9972147250718386,9.377587833474868,48.6909895310297,0,2026-09-03 06:33:50
2024-01-09 13:40:00,CNC-03,H,298.3442265730471,313.15789491542967,1495.6101896043865,49.83322125393181,145.80681196556677,2.4130049768156616,13.844399454400701,49.35486546311969,0,2026-09-03 06:33:50
2024-01-09 01:56:00,CNC-01,L,298.0743001608798,310.43844631560063,2676.8968612570734,17.262626019009844,132.13955426641326,3.433405536199951,8.828506679197794,52.4831429214252,0,2026-09-03 06:33:50
2024-01-09 12:43:00,CNC-03,H,297.50838521172824,311.7830759540908,1400.8797619263282,49.79669159353394,55.64317527543527,2.1658423567134277,13.120536663544208,55.677126416271285,0,2026-09-03 06:33:50
2024-01-09 10:46:00,CNC-02,M,302.4458835553916,311.11212764740276,1366.265521192211,52.40318244409301,155.61298762320035,2.333294464988886,13.180250022891281,46.9293161641152,1,2026-09-03 06:33:50
2024-01-09 04:29:00,CNC-03,H,296.5846055126107,310.902065663735,2298.1141902804475,32.65675336393461,49.47038613836338,2.893093569498141,14.147894838529313,53.16730974608762,0,2026-09-03 06:33:50
2024-01-09 06:03:00,CNC-03,H,296.09721666392613,311.1229549417171,2069.4760526214372,37.38258339032082,169.58424832303288,2.8951357789503325,13.994767504287017,56.08482070221853,0,2026-09-03 06:33:50
2024-01-09 11:18:00,CNC-03,H,296.9744674689498,311.4389018594099,1371.148567583343,53.44939996886317,191.3577387817396,2.5041144347196966,13.842061979226234,55.355194538186005,0,2026-09-03 06:33:50
2024-01-09 10:47:00,CNC-02,M,302.3726387322034,311.3618379005343,,55.200730180101495,157.21298762320035,2.3311204347870658,13.90214807962979,49.09806908228985,0,2026-09-03 06:33:50
2024-01-09 22:46:00,CNC-01,L,300.2055474005597,312.2839497786354,2801.973240401202,15.870977583748079,117.42841307418068,3.5196169896719547,8.390626481758552,51.97595035086626,0,2026-09-03 06:33:50
2024-01-09 02:26:00,CNC-03,H,297.8859881755934,310.922446202977,2479.262573986336,20.27594246061106,176.59454196568683,3.512021991264059,9.183663459378598,55.44880139801558,0,2026-09-03 06:33:50
2024-01-09 02:35:00,CNC-03,H,298.10166806138693,311.88573412590034,2543.363723880697,23.73275462862936,186.60696406448648,3.498783621397366,11.190407303695189,53.83306636782843,0,2026-09-03 06:33:50
2024-01-09 16:19:00,CNC-03,H,26.151685508444473,40.782533730319415,1837.0425222537979,40.23007559397537,126.13493793283878,2.6525484979185636,13.785681196104958,49.12817369793832,0,2026-09-03 06:33:50
2024-01-09 22:20:00,CNC-02,M,300.20587989012284,313.4184941056609,2693.6601257169727,18.33940459571379,171.49015168033978,3.590342880871487,9.327837251010662,51.5947007505183,0,2026-09-03 06:33:50
2024-01-09 16:54:00,CNC-03,H,299.72912887836975,314.5806035319442,1794.8204062675131,41.261708767112104,175.98324689749572,2.8036683832125284,13.896800613151106,47.55745572374081,0,2026-09-03 06:33:50
2024-01-09 03:45:00,CNC-03,H,297.37266099031854,311.72120776642913,2410.0511364179756,26.006819354343648,266.46873309498005,4.217970817338812,11.636627634639938,58.04659783153765,0,2026-09-03 06:33:50
2024-01-09 10:57:00,CNC-02,M,302.4897577063783,311.1243464672294,1339.2814718124691,53.627297905284976,173.00562918792713,2.435117504469059,13.47211750191802,48.701137265874955,1,2026-09-03 06:33:50
2024-01-09 21:17:00,CNC-01,L,300.64241865972724,312.65462919453915,2640.4095625144023,17.141654383969293,20.130220746435775,3.226915194967638,8.62705815035494,52.779806709219976,0,2026-09-03 06:33:50
2024-01-09 00:23:00,CNC-02,M,298.889686339547,311.8402763138398,2532.4150252843833,,52.85955726060888,3.1545197084188747,10.942183855618865,54.23396930964966,0,2026-09-03 06:33:50
2024-01-09 17:32:00,CNC-02,M,27.372052097383573,41.52055311624554,1940.652530147147,34.89023055745115,77.87860552422185,2.693580473923754,12.884712528858241,50.453679491902626,0,2026-09-03 06:33:50
2024-01-09 05:07:00,CNC-01,L,301.4453462606535,309.1272373578653,2217.637289945221,27.904082720618074,164.9361616375041,3.238334118955164,11.826515172967671,51.45418137918596,0,2026-09-03 06:33:50
2024-01-09 13:33:00,CNC-03,H,298.0086882110787,312.45570465132806,1340.3153131130562,53.391907261487134,134.82342699381775,2.160115747784458,13.541952213449225,53.15194256878166,0,2026-09-03 06:33:50
2024-01-09 21:41:16,CNC-01,L,300.46521895887906,313.4636907891323,2498.7244077542528,22.76522545345875,46.84018479685479,3.015200077753177,10.861634512600741,49.699234003169764,0,2026-09-03 06:33:50
2024-01-09 09:02:00,CNC-03,H,296.149020654649,311.18620756154564,1636.8416486577285,46.75207955222257,196.14722405679652,2.693106889045214,14.40888565400516,60.88321977647366,0,2026-09-03 06:33:50
2024-01-09 03:18:00,CNC-02,M,297.88161140237855,311.73475062974137,2518.6661709296204,22.761137290921226,244.70016794634074,4.210002130563151,10.949422590587263,54.73267103501018,0,2026-09-03 06:33:50
2024-01-09 17:19:00,CNC-02,M,27.118721877553526,41.456197331364706,1703.1672876713485,43.393745590343286,60.171164624239154,2.410671830622124,13.794761684119878,49.36911695716626,0,2026-09-03 06:33:50
2024-01-09 18:06:00,CNC-01,L,27.28724894416672,40.68492647218369,2031.0345060747754,33.41390500685421,5.2297259884040095,2.630820724990036,13.026263113066767,50.146365536846254,0,2026-09-03 06:33:50
2024-01-09 05:41:45,CNC-01,L,301.620966378915,310.6333025922453,2033.8649188440268,36.40558414961148,209.82319768421306,3.4866291677198666,13.911937479928884,47.98987666449385,0,2026-09-03 06:33:50
2024-01-09 15:34:00,CNC-02,M,25.87950135236173,40.308703115896265,1623.008756475056,42.31794656565045,117.67307174000035,23.5105094701837,12.797416034168572,52.607167826096955,0,2026-09-03 06:33:50
2024-01-09 12:33:00,CNC-03,H,297.5512479615024,311.08009994148483,1371.0219795423243,48.47813675842848,39.700394517443186,2.156762052908455,12.599919502030456,57.48396491611494,0,2026-09-03 06:33:50
2024-01-09 23:51:00,CNC-02,M,299.4877441380145,311.07832460709216,2725.9865779553425,13.467632402114491,12.770053451117656,3.242060014387542,6.793798487509249,53.78537722443049,0,2026-09-03 06:33:50
2024-01-09 19:21:00,CNC-03,H,300.2941019848319,313.7201099249408,2212.745315422197,26.423531096126467,137.49704298007933,2.998143955866272,11.106218253508846,51.90265363221708,0,2026-09-03 06:33:50
2024-01-09 05:55:00,CNC-03,H,296.1873431355217,310.77728431855866,2156.6998936065625,33.64993482139518,159.10441468417693,3.009475382563352,13.687811385458852,58.90262458782472,0,2026-09-03 06:33:50
2024-01-09 12:55:00,CNC-01,L,297.93680090840604,312.9841892089927,1329.8200082359622,55.962359171307135,199.61199191821046,2.846242137132725,13.934331760334706,53.621205886984654,1,2026-09-03 06:33:50
2024-01-09 18:58:00,CNC-02,M,300.35317463812595,315.03802097527125,2299.2030382181806,30.51958129001183,190.64766098708938,3.463595437307215,13.338039851299886,50.620378908734864,0,2026-09-03 06:33:50
2024-01-09 22:07:00,CNC-03,H,305.64796991966233,313.0239552293447,2552.7448672778733,22.55297320715075,107.42594819630168,3.1076464231506,10.79512607413213,36.96053130882098,0,2026-09-03 06:33:50
2024-01-09 08:45:00,CNC-01,L,295.77245348192616,309.6461202713073,1764.7998364600696,40.263960939246644,15.146217580568832,2.4206689856054577,13.074303239203894,62.26016407404808,0,2026-09-03 06:33:50
2024-01-09 22:04:00,CNC-03,H,305.6280079576326,312.5899189147723,2689.9708019554737,19.427421978813808,104.05987138695394,32.82725720596461,9.882039051486343,40.594985936724775,0,2026-09-03 06:33:50
2024-01-09 19:17:00,CNC-02,M,300.6207566328696,315.239034361805,2230.6003886057915,29.637014154265568,214.52355371856922,3.525797361190831,12.695035647813143,49.71680123066765,0,2026-09-03 06:33:50
2024-01-09 23:55:00,CNC-03,H,299.6165701158167,313.75318489743347,2747.0994457992088,22.209107600642213,223.35322456852973,3.920878992684512,11.396899916808472,55.83570349822486,0,2026-09-03 06:33:50
2024-01-09 17:07:00,CNC-02,M,26.798578805772593,41.24925781247026,1859.549325546965,39.47739422694207,43.511012562090684,2.4930823824768797,13.7724032387883,49.429487829666925,0,2026-09-03 06:33:50
2024-01-09 06:04:00,CNC-03,H,296.1836050164935,310.6047221387351,1938.331125138898,34.95990052806485,170.95447708175683,2.818955792258884,12.491158129104345,59.48237445822203,0,2026-09-03 06:33:50
2024-01-09 05:22:00,CNC-02,M,296.73867280470483,311.1799351135592,2105.222019347623,33.702499510343394,141.3550122639928,2.9407378976203913,13.417745953160688,60.296733182276995,0,2026-09-03 06:33:50
2024-01-09 17:23:00,CNC-02,M,27.12658734773072,41.19671226589145,1973.7251653650883,34.233788982527884,65.55053266943652,2.417973422762752,12.724751741885038,51.80326440521168,0,2026-09-03 06:33:50
2024-01-09 17:52:00,CNC-02,M,27.255171372402742,41.30846481838125,1958.1136213113034,33.96738025005269,104.93052955745885,2.5517671536266504,12.413189129816953,49.798345937667726,0,2026-09-03 06:33:50
2024-01-09 19:24:00,CNC-01,L,300.5057901525394,314.1700999855766,2261.8873434439984,28.45009194938333,104.73940289662043,2.9541771322417896,12.162353974598991,51.50479229108394,0,2026-09-03 06:33:50
2024-01-09 14:17:00,CNC-02,M,298.625937204371,313.46154906009923,1690.2175932851258,47.255827162753455,0.0,2.3626267519890547,14.883300506328936,50.63419551693085,0,2026-09-03 06:33:50
2024-01-09 00:14:00,CNC-02,M,298.8705639160841,311.237431246931,2682.205010671005,18.396908905313982,43.23330652414627,3.21285928654236,9.027096734980104,49.44437678035415,0,2026-09-03 06:33:50
2024-01-09 06:37:00,CNC-03,H,295.85868324221764,310.6436325394946,1794.3687649982596,42.14699914535005,216.00219095985545,2.9723400370958832,14.159576159054303,54.76665978650551,0,2026-09-03 06:33:50
2024-01-09 11:01:00,CNC-03,H,296.3553952280527,310.9543014924339,1377.533265037944,52.51668180699509,164.42513480763472,2.3174425195439676,13.636433979125469,54.03802834801516,0,2026-09-03 06:33:50
2024-01-09 21:43:00,CNC-02,M,299.9877465259667,313.5673014261295,2567.7013675674816,21.541680084101962,131.03503171356948,3.2722442512008816,10.097858148912689,51.100564125835845,0,2026-09-03 06:33:50
2024-01-09 17:38:00,CNC-01,L,26.99745080927596,41.98939618028544,1901.0047387497907,40.81995099359645,167.80687855939757,2.987260037607258,14.545806102152536,50.93667693423494,0,2026-09-03 06:33:50
2024-01-09 07:38:00,CNC-03,H,296.4235539067099,310.85601075054086,1655.188146034473,45.84749944559296,71.49889464937658,2.318422213183781,13.93011839089254,56.4879736895933,0,2026-09-03 06:33:50
2024-01-09 17:33:00,CNC-01,L,27.132991907700728,41.93928993977653,1963.4859953319738,38.54322880240379,160.96598812682026,2.9199202900875743,14.106221949156856,52.73404165802308,0,2026-09-03 06:33:50
2024-01-09 19:28:00,CNC-01,L,,314.0952198218802,2237.4656099484046,28.802271543547402,109.69803111939086,2.911855803939444,11.656928075006816,51.273024015200306,0,2026-09-03 06:33:50
2024-01-09 01:34:00,CNC-01,L,298.2783593273924,310.82685346995675,2482.3273843823617,19.928264285000818,108.23348902392098,3.1654420652690116,9.198773173586114,52.895285881094836,0,2026-09-03 06:33:50
2024-01-09 16:50:00,CNC-01,L,299.6319153818445,313.94265737947507,1841.6030591932595,39.856020953547876,101.23661376857422,2.484973292335206,13.688983573606896,51.34857443099507,0,2026-09-03 06:33:50
2024-01-09 03:41:00,CNC-03,H,297.30815898572325,311.3683382143868,2356.239514139083,24.734121035784053,261.8520790593747,4.197619434316304,10.889600967396165,54.3981036286938,0,2026-09-03 06:33:50
2024-01-09 17:50:00,CNC-03,H,26.604937237282968,40.398212338829865,2070.3482933785413,31.97513650288501,20.103420377624904,2.6828211177325874,12.301727029334788,55.26282107669734,0,2026-09-03 06:33:50
2024-01-09 20:51:00,CNC-01,L,300.6396024394404,314.1161995024303,2595.5275183605763,21.796101105842745,208.169223343473,4.060966347174022,10.641974920839568,,0,2026-09-03 06:33:50
2024-01-09 07:48:00,CNC-01,L,295.84567642700483,311.07619491720465,1758.497421200252,45.19728895499545,166.19942067886493,2.8450320992957403,14.821875109126468,63.156614200052914,0,2026-09-03 06:33:50
2024-01-09 07:44:00,CNC-01,L,295.9608348348815,311.31715657200556,1819.1994496410864,44.010006971606074,160.42302668544113,2.7987055242513406,14.9425503944711,60.11355181482828,0,2026-09-03 06:33:50
2024-01-09 19:37:52,CNC-03,H,6825.7547400467065,314.02664832239117,2281.0245875406217,26.721506230252892,157.30044145053148,3.1164735975082465,11.40974171690233,51.44030106811805,0,2026-09-03 06:33:50
2024-01-09 09:53:00,CNC-02,M,296.50350013960775,310.9343107185984,1432.9663081319445,50.034328690752886,72.5237468584873,2.082967687194029,13.363125886353549,59.96942510456495,0,2026-09-03 06:33:50
2024-01-09 18:13:00,CNC-02,M,300.39117347965316,314.651506411186,2097.7272541625434,31.73458372272047,132.8047140702215,2.8743991470336905,12.38524208173189,49.58467326532528,0,2026-09-03 06:33:50
2024-01-09 06:03:00,CNC-01,L,295.89842936915704,308.76412585854405,2030.3320510053854,29.43481406542949,19.833241423513023,2.628205183160708,10.973113500644923,58.70614038669361,0,2026-09-03 06:33:50
2024-01-09 21:14:00,CNC-02,M,300.2533355052985,313.51577658595266,2443.103287662896,22.323047176218363,98.50522044609404,3.0804102139603584,9.976421599791639,53.937816213465155,0,2026-09-03 06:33:50
2024-01-09 10:47:00,CNC-01,L,296.7327877892851,311.3661365275808,1411.0885649397273,50.90490144084791,204.23399660395353,3.0105882497727223,13.398288679121018,54.366426835026274,0,2026-09-03 06:33:50
2024-01-09 17:53:00,CNC-03,H,27.090094469166615,40.56459546340818,1969.7937660162127,34.98491446044451,24.134374755676017,2.5607037290157244,12.849425653411469,50.66962512268543,0,2026-09-03 06:33:50
2024-01-09 11:48:00,CNC-03,H,297.3280603706748,312.3316270949511,1336.3936600126046,54.99554030618619,238.7942125449717,2.8854051659920232,13.535394873908205,57.13182431640568,1,2026-09-03 06:33:50
2024-01-09 04:19:00,CNC-02,M,297.1836494809578,310.5719246607815,2358.593484798955,25.690920203933388,62.95280524508954,2.9124863945135555,11.433521046868403,52.19388385611012,0,2026-09-03 06:33:50
2024-01-09 06:23:00,CNC-01,L,295.96848487384807,309.4275741313202,2067.903636517775,30.346646357202033,46.59777072561883,2.746964418123906,11.585211635079311,59.2590156028763,0,2026-09-03 06:33:50
2024-01-09 16:39:00,CNC-02,M,299.8919850453104,314.17565389774546,2000.6493851457685,37.05558413949304,4.2388428620373455,2.5594513565940136,13.969936424880217,53.68849610921453,0,2026-09-03 06:33:50
2024-01-09 17:30:00,CNC-03,H,26.70174076790215,41.994917742128905,1908.5027001016094,40.97915302920356,226.11157438471727,3.3002981974113683,14.478665909014724,48.399261571372406,0,2026-09-03 06:33:50
2024-01-09 02:33:00,CNC-02,M,298.1065911520825,310.6025875794869,2595.93990377269,17.509588006456127,193.15939267846994,3.600903448247205,8.378994863198935,53.47196700384778,0,2026-09-03 06:33:50
2024-01-09 12:38:00,CNC-02,M,297.63875812456854,,1511.5294761141586,50.58159780161658,83.99570919557948,2.1336275512824474,14.529540334106192,54.538474315076144,0,2026-09-03 06:33:50
2024-01-09 04:28:00,CNC-01,L,296.13352459246875,309.53463861115273,2330.993700451769,,116.52810575433722,2.9898821141018646,11.52176235264211,55.5531198567295,0,2026-09-03 06:33:50
2024-01-09 23:43:00,CNC-02,M,299.4091202423473,310.50758321381403,2760.571354015174,9.689156437539495,4.262953223924491,3.2392053601469906,4.8780166554334805,54.2294812801598,1,2026-09-03 06:33:50
2024-01-09 13:13:00,CNC-01,L,298.0814804220064,311.92643751705003,1510.7027433453927,47.50927714728282,0.0,2.1297753772806454,13.628977429109554,54.70204620766489,0,2026-09-03 06:33:50
2024-01-09 04:45:00,CNC-02,M,297.22744889282916,311.62912002948786,2254.794366946874,31.925605160530367,94.57574210605108,2.8463257158922644,13.358555663200622,53.92367857166795,0,2026-09-03 06:33:50
2024-01-09 20:06:00,CNC-02,M,300.4218997909505,313.27027822406626,2484.7140378192635,600.3592692669582,20.121812669531476,2.9107458884436825,9.785217655333057,49.867272643448565,0,2026-09-03 06:33:50
2024-01-09 02:04:00,CNC-01,L,297.83833313431666,310.43146663634394,2674.437558040919,17.248328831195703,140.88605549761428,3.520276654441366,8.804490519228457,57.909977458871595,0,2026-09-03 06:33:50
2024-01-09 12:38:02,CNC-01,L,298.21326128892616,313.25973218449343,1459.8289489722645,52.836873345794324,174.2731996626733,2.6715783034267004,14.283144193381455,57.97249584797075,0,2026-09-03 06:33:50
2024-01-09 10:55:00,CNC-02,M,302.469088869175,311.0390177739595,,54.693617983506826,169.80562918792714,2.290897125308127,13.59298910223111,44.651541225989305,1,2026-09-03 06:33:50
2024-01-09 04:54:00,CNC-03,H,296.75662649665315,310.2411647396325,2330.671518374964,26.608848288815654,80.61082216505206,2.911718594034722,,57.46961577755882,0,2026-09-03 06:33:50
2024-01-09 20:54:00,CNC-02,M,300.2975575229682,313.4441089678685,2351.522666797305,23.0504806446966,75.87294544769766,2.8675450056197134,10.230859038345002,53.250782374545295,0,2026-09-03 06:33:50
2024-01-09 11:29:00,CNC-02,M,302.56009318340034,311.64818994169025,1335.1339780986611,54.46214710163247,223.68239991618384,2.975824780942568,13.4888895456076,48.819608602940534,1,2026-09-03 06:33:50
2024-01-09 00:16:00,CNC-01,L,299.1153792236787,310.1986235903246,2678.356505249107,13.476559752304084,24.19611211197085,,7.017031435165874,49.9492117281588,0,2026-09-03 06:33:50
2024-01-09 04:48:00,CNC-02,M,297.15403309158773,310.37849573902884,2246.9127487197834,26.997824845970417,98.26817189486158,29.368844505096444,11.343317142824413,57.51630311444815,0,2026-09-03 06:33:50
2024-01-09 15:03:00,CNC-03,H,298.8609637557319,312.9721598784009,1565.9845224213666,48.054370204478836,13.710570915063236,2.209120410894266,14.207612117206283,55.8419229281507,0,2026-09-03 06:33:50
2024-01-09 11:25:00,CNC-02,M,302.912592253191,312.0464049377635,1467.9407887704815,51.363334257326805,217.35868787667425,2.982087107764797,14.344400148610504,48.4219348228921,0,2026-09-03 06:33:50
2024-01-09 14:04:00,CNC-03,H,298.48796477939925,313.64853090198693,1544.3378022195325,52.135002995742674,183.40532510218912,2.554574431585747,15.338595922028748,50.81410505492499,0,2026-09-03 06:33:50
2024-01-09 12:25:00,CNC-01,L,297.7276135359678,312.3367881693246,1395.8567765334142,53.920293475861634,152.08440125990725,2.3983072768878677,14.228454598953618,56.16791651101022,0,2026-09-03 06:33:50
2024-01-09 00:37:00,CNC-03,H,298.7962393377846,309.65198047617974,2701.6309949834877,10.724745345850238,58.60526479458299,3.2006657075549985,5.54532377241325,54.39828884607484,1,2026-09-03 06:33:50
2024-01-09 16:21:33,CNC-02,M,299.6686622431634,314.556930999591,1810.0598653763413,40.120139991390985,189.4179244909665,3.0489363343786904,13.42145902239729,53.93448156278884,0,2026-09-03 06:33:50
2024-01-09 09:38:00,CNC-01,L,296.26512614813726,310.77914098937794,1550.6481130248394,49.89161848079416,96.11415645678257,2.350890207926155,14.515697205467873,55.82514834532716,0,2026-09-03 06:33:50
2024-01-09 10:19:00,CNC-03,H,296.3313647456074,310.55923342027,1381.2833713591967,51.82477054246799,98.16890651745594,2.0339058676080732,13.239618540559942,58.381324442652264,0,2026-09-03 06:33:50
2024-01-09 18:24:00,CNC-01,L,300.1261419889386,313.1538416386527,2214.227472478142,28.0255252058548,28.713096091832714,2.7934278752862203,11.734356535216557,54.19921562937817,0,2026-09-03 06:33:50
2024-01-09 07:31:00,CNC-02,M,296.3707254718056,311.2005973425604,1754.3211668745128,44.75965815234205,88.068858311774,2.3560333876355797,14.791697998209434,60.06694668026133,0,2026-09-03 06:33:50
2024-01-09 02:32:00,CNC-03,H,297.974204234579,311.23126330935645,2695.6297194561967,20.295240834279806,183.2518687407722,3.673451571068969,10.136859988674772,51.84795482016148,0,2026-09-03 06:33:50
2024-01-09 17:36:00,CNC-03,H,26.770581143519394,40.7187710552264,1935.0633602011494,35.810838300551055,1.3553906194252812,2.4814699166242753,13.041653243394785,55.12534461864331,0,2026-09-03 06:33:50
2024-01-09 05:01:00,CNC-01,L,301.78561624107596,310.48907063805297,2282.4660905486603,32.99965878109674,157.28031007742865,3.2460022690751433,13.842929192210033,49.93124883453956,0,2026-09-03 06:33:50
2024-01-09 18:34:00,CNC-03,H,300.058284918488,314.3933465273256,1945.333981685507,36.835400932273096,77.9306083427232,2.6883780391305314,13.479002633357108,51.83512516781934,0,2026-09-03 06:33:50
2024-01-09 03:04:00,CNC-03,H,297.68501363645674,311.1861516894875,2426.0328070009477,23.284260180233737,219.6282742740219,3.7543591924196753,10.617519853790924,60.601131696798156,0,2026-09-03 06:33:50
2024-01-09 11:11:00,CNC-02,M,302.45383276953675,311.8023600621878,1540.7062295790336,51.509690813227635,195.12937804568907,2.808067210992822,14.802249594498353,42.23886855713433,0,2026-09-03 06:33:50
2024-01-09 15:40:00,CNC-03,H,25.938749355764628,40.008606628819734,1660.5149024972518,42.7293213902589,69.1326014209147,2.153557716469952,13.046935369342123,51.92394739734001,0,2026-09-03 06:33:50
2024-01-09 10:04:00,CNC-01,L,296.275691372133,310.4934853056363,1443.047417570024,47.710475181695756,136.7094322407926,2.4564589738046045,12.91437450475174,60.63200972059855,0,2026-09-03 06:33:50
2024-01-09 11:36:00,CNC-02,M,302.88815151153085,312.6328260488592,1400.7238146366578,55.504197832463646,234.64724646922122,3.1193109133573285,14.487527832458,49.14100531024945,1,2026-09-03 06:33:50
2024-01-09 11:46:00,CNC-01,L,297.33317187876276,311.4268112334439,1358.3454916114874,50.98233188306674,90.21055105000214,2.162867392417768,12.78741011975768,55.486683375371165,0,2026-09-03 06:33:50
2024-01-09 12:51:00,CNC-03,H,297.7664261954233,312.1154748363925,1550.7890029674506,45.95819060470152,68.30107357551826,2.2297163878055923,13.516263909262474,53.21646198045057,0,2026-09-03 06:33:50
2024-01-09 19:58:00,CNC-01,L,300.5763622357509,313.67558500437735,2351.580789622309,22.551028866555907,145.91039289242397,3.220899667767192,9.864696777275363,52.698576870097874,0,2026-09-03 06:33:50
2024-01-09 03:23:00,CNC-01,L,297.07379375770904,309.15261535344894,2465.141963477732,18.099073418100993,38.86715855470809,3.0003243590084705,8.646558689234531,53.060556134841626,0,2026-09-03 06:33:50
2024-01-09 23:32:00,CNC-02,M,299.81754573827254,313.87184923024694,2686.6132450019904,19.63608522080027,248.84524832162344,4.4867185561097775,9.922724574214318,52.74706260286505,0,2026-09-03 06:33:50
2024-01-09 14:25:00,CNC-01,L,298.3115425609032,312.39009201739646,1376.9228800203884,51.38738388185948,112.55390247230257,2.2941810087523433,13.092512860737871,56.81391282274164,0,2026-09-03 06:33:50
2024-01-09 08:23:00,CNC-03,H,296.1992343223424,310.53654180797037,1656.7556498270703,43.09092354702543,137.38719037422007,2.3916345447684813,13.428494252692571,61.2742294520357,0,2026-09-03 06:33:50
2024-01-09 21:50:00,CNC-01,L,300.7835227324091,312.72401521690796,2502.048525401102,16.843344702463,56.707967119503785,3.0776720262224257,7.781360185190976,51.5792331212976,0,2026-09-03 06:33:50
2024-01-09 20:32:00,CNC-01,L,300.5956465863168,314.9266251964005,2516.2586830446025,26.665693333597627,186.150632557368,3.7454467070468835,12.49594238410396,50.7164230533843,0,2026-09-03 06:33:50
2024-01-09 11:01:00,CNC-02,M,302.54854697728774,311.34153313616855,1368.2045907767745,51.43728292773688,179.3484593209202,2.447857047955623,13.029099667087284,47.71386214366612,0,2026-09-03 06:33:50
2024-01-09 01:12:00,CNC-02,M,298.80276984557133,310.5835432307178,2733.48540997124,14.324305006892512,104.89902550890332,3.3783706845927792,7.296338050905882,52.50616706515003,0,2026-09-03 06:33:50
2024-01-09 04:18:00,CNC-01,L,296.58059810389597,309.9210098311508,2484.6713028198637,23.143110304742596,104.49531265329627,3.1612265562178985,10.91599904541886,62.159554500365886,0,2026-09-03 06:33:50
2024-01-09 06:28:00,CNC-02,M,296.6572636403942,310.3575653498285,1914.1632480740402,34.328925043912484,0.0,2.44583642255312,12.62796745756802,56.43113809991306,0,2026-09-03 06:33:50
2024-01-09 05:05:00,CNC-02,M,296.908989883358,310.9987898702394,2271.211653202836,30.841994027902967,119.5511254979086,3.0740913028615546,12.965270757286023,55.60518271887365,0,2026-09-03 06:33:50
2024-01-09 02:47:00,CNC-01,L,297.2292476781409,310.65707734530224,2469.2970557301996,22.974798632536114,188.68541227371037,3.6404190063069066,10.480480476163427,56.23853714481805,0,2026-09-03 06:33:50
2024-01-09 21:35:00,CNC-01,L,300.67542949728124,312.75224350162927,2696.0595133894667,17.370828148960094,40.216327221834355,3.1125861078258805,8.54864187698276,47.019616168156325,0,2026-09-03 06:33:50
2024-01-09 11:33:00,CNC-01,L,297.15212744969864,311.89018904885864,1402.030961032415,54.53225996704256,69.56317826503776,2.0898531889792054,14.47090452168916,54.85972773004207,0,2026-09-03 06:33:50
2024-01-09 00:37:00,CNC-02,M,298.87323343778473,310.54761402030624,2790.90646576456,13.933595328189982,67.6292667494864,3.3066324210456948,7.345180532546303,52.036229675894695,0,2026-09-03 06:33:50
2024-01-09 06:00:00,CNC-01,L,296.10784620468723,309.6239324496302,2034.5165397799815,32.43440755548441,15.899007158253633,2.63115410243483,12.09584561279875,53.754350064276665,0,2026-09-03 06:33:50
2024-01-09 12:01:00,CNC-01,L,297.24538558069196,311.170658368834,1329.4254239126788,49.23427729778116,114.09550478533451,2.1423009647922346,12.190643051679261,53.075240122548834,0,2026-09-03 06:33:50
2024-01-09 09:15:00,CNC-01,L,295.97825226000805,309.90095517190656,1650.0511556628655,42.81390802899175,60.839300986162,2.3009334023293584,13.27989600587789,58.09319619630627,0,2026-09-03 06:33:50
2024-01-09 04:07:00,CNC-01,L,296.2096636426648,309.62757894145875,2226.695795377729,27.807158407688366,91.1622648195126,3.0184151728523902,11.453364557465145,53.812987067884066,0,2026-09-03 06:33:50
2024-01-09 11:57:00,CNC-01,L,297.164537463066,311.4337855524879,1486.7323380827443,47.63787133108319,107.7079817572062,2.290692174013404,13.270285525462306,50.859540086628485,0,2026-09-03 06:33:50
2024-01-09 01:31:00,CNC-03,H,298.1875297131466,310.0888190496707,2768.3702194228076,14.12234175927194,116.1814818598162,3.4745828793656286,7.159593584765195,54.93927258947601,0,2026-09-03 06:33:50
2024-01-09 12:18:00,CNC-01,L,297.7365698633207,312.0981261268988,1353.0806709177746,53.42971639136542,141.01793530528604,2.2639063724744415,13.576988468866185,52.82859017193085,0,2026-09-03 06:33:50
2024-01-09 03:14:00,CNC-01,L,296.9843858032453,309.0280058358563,2465.744404562649,19.04135833240639,28.576518045489507,2.9569945048133737,8.803751752170859,60.939195698181464,0,2026-09-03 06:33:50
2024-01-09 14:27:00,CNC-03,H,298.44333547201796,313.74362584739674,1468.6165235182114,55.21328942102104,219.07797548123145,2.9621557867436956,15.415786908200158,51.67995757350729,0,2026-09-03 06:33:50
2024-01-09 17:20:00,CNC-01,L,,41.73003656493165,2089.5275863480583,37.13028885828759,143.05694713244245,2.957490895986164,14.881253271556796,48.125827678649955,0,2026-09-03 06:33:50
2024-01-09 12:23:00,CNC-03,H,297.1302420749424,310.6612684680166,1326.1154065054675,50.30199703554441,23.832516233105313,2.0913541534612463,12.560956851080242,55.67191995448838,0,2026-09-03 06:33:50
2024-01-09 04:08:00,CNC-02,M,297.50658657287386,309.6991452407718,2387.945055387654,19.277912794869618,49.593875718518696,2.9866514576932093,8.762455034340222,57.21380888151725,0,2026-09-03 06:33:50
2024-01-09 14:01:00,CNC-01,L,298.39398830254123,312.76715139779117,1452.5645013564163,50.73865611427072,75.25957761830735,2.0744956291848364,13.886393780625138,52.316111877634434,0,2026-09-03 06:33:50
2024-01-09 05:40:41,CNC-02,M,297.01455369807206,310.7598470720108,2072.3038731984684,31.596137035452923,166.0504833214601,3.0305920460387954,12.494181348854342,53.653087811336135,0,2026-09-03 06:33:50
2024-01-09 04:54:00,CNC-02,M,297.19997924169456,311.18200825809345,2234.1265257866503,30.169020248657432,105.75759557410038,2.9596385795190563,12.67391429818545,55.0746727230084,0,2026-09-03 06:33:50
2024-01-09 11:15:00,CNC-03,H,297.0185114887595,312.069101512577,1417.7236901487959,53.9066956910441,186.57333832673137,2.5681311669719133,14.185878246715088,58.45046575095427,0,2026-09-03 06:33:50
2024-01-09 02:26:00,CNC-01,L,297.5924101321177,311.3546754401775,2686.905039596567,23.29581743832609,165.27384961032513,3.794726194959656,11.82560998324363,,0,2026-09-03 06:33:50
2024-01-09 23:38:00,CNC-03,H,299.73356362986766,313.3637589536828,2854.96240276013,20.28669940322842,205.16434674475497,3.995051234775987,,49.32906413625388,0,2026-09-03 06:33:50
2024-01-09 20:28:00,CNC-03,H,300.261331979316,314.468586318482,2532.5854350671943,25.638340721614014,218.01216018375112,3.6641007958179186,12.077867699061562,47.94598469991735,0,2026-09-03 06:33:50
2024-01-09 05:23:00,CNC-03,H,296.58820261798695,309.8695326664656,2444.527070110188,23.676900125161087,117.15832758086174,3.1189959062952206,10.809243479361452,54.83543680835573,0,2026-09-03 06:33:50
2024-01-09 11:49:00,CNC-03,H,297.0491786040434,311.7886997596295,1382.580931690059,52.63957750028293,240.3942125449717,2.968813819377529,13.717832678554636,54.08439157155699,0,2026-09-03 06:33:50
2024-01-09 19:00:00,CNC-03,H,300.5282626072504,314.32225702927957,2246.054859051998,28.088877711981947,111.15710339622511,2.9188148127946554,11.812568203339435,51.43013893126216,0,2026-09-03 06:33:50
2024-01-09 01:24:00,CNC-03,H,298.3972328368952,309.7398252989452,2800.4319051255156,12.633469517489115,108.68689042091334,3.320229531629881,6.810729333720698,53.47553875804566,0,2026-09-03 06:33:50
2024-01-09 02:23:00,CNC-01,L,297.54108972497556,311.25695043972667,2424.7983835124296,24.959918577672518,161.97594261130746,3.5227264068518123,11.524793027644549,52.52559572676754,0,2026-09-03 06:33:50
2024-01-09 11:13:00,CNC-03,H,296.8514150467121,311.7106688371029,1374.141875809906,54.85893414755121,183.37333832673139,2.4182129682988966,13.936687631079351,63.14446604230453,0,2026-09-03 06:33:50
2024-01-09 01:47:00,CNC-01,L,298.3290428675733,310.2069779703649,2636.558277181231,14.617407159525087,122.34411173412185,3.253639384646746,7.377927732852107,51.14687341981609,0,2026-09-03 06:33:50
2024-01-09 05:54:00,CNC-03,H,296.30425218154016,310.6337860422022,2112.8484088578143,32.49052607472673,157.80744949047542,2.9611438684072713,12.913231043436133,57.74643369518081,0,2026-09-03 06:33:50
2024-01-09 22:04:00,CNC-01,L,300.8046986148486,313.11956866865904,2538.9343277522653,18.418103158599866,72.11153665902047,3.1752045844766386,8.984984708306797,47.51374578774696,0,2026-09-03 06:33:50
2024-01-09 03:33:00,CNC-01,L,297.09721190612413,309.3431687210088,2582.0157525956965,19.001406220522604,50.54910234106986,3.1237505387326636,9.27157065976244,61.571711359198616,0,2026-09-03 06:33:50
2024-01-09 06:02:00,CNC-02,M,296.9511445507981,310.98223306073595,2010.926887569678,32.28613504450569,193.89235858743783,31.02899996601763,12.224595617010268,59.38642176235257,0,2026-09-03 06:33:50
2024-01-09 02:47:00,CNC-02,M,297.9093312084359,311.7171764813408,2428.060720259232,,209.1337712998334,3.8194604217981705,11.090846727745147,55.563099143824004,0,2026-09-03 06:33:50
2024-01-09 09:33:00,CNC-02,M,296.52770520139836,310.2941295015093,1549.9009318333774,43.933181914309145,41.42728650923474,2.207687981441833,12.701522956610223,57.471011850094186,0,2026-09-03 06:33:50
2024-01-09 19:35:00,CNC-03,H,300.5632618141669,314.05138733396217,2217.265141145329,26.852342796708648,154.7996393796054,2.889720238864585,11.196270296855147,47.4243253951831,0,2026-09-03 06:33:50
2024-01-09 12:36:00,CNC-01,L,298.00309757588894,312.8987431136034,1385.242956610592,53.435786929177574,169.50635355904154,2.4706187404274944,13.753156892737858,55.12561990591235,0,2026-09-03 06:33:50
2024-01-09 08:11:00,CNC-02,M,296.39546545705616,311.1251459172434,1662.282842638275,44.18305527609077,146.28846814394834,2.5307901305957183,13.510322442289665,59.306036312213564,0,2026-09-03 06:33:50
2024-01-09 08:06:00,CNC-02,M,296.58816536194826,310.94890716161285,1605.3910634628726,43.95246305889567,138.74519164250137,2.49445371963513,13.468206119642836,59.22841979760826,0,2026-09-03 06:33:50
2024-01-09 07:53:00,CNC-01,L,296.00721717252094,311.0900056378689,1716.553069063015,44.90788656461595,173.43578819542836,2.9159864102899453,14.217579833663851,55.71071732716818,0,2026-09-03 06:33:50
2024-01-09 18:06:00,CNC-03,H,26.630243361479813,40.32887693800785,2076.99554224126,32.03439771136566,41.47348911044999,2.681517390952305,12.489731464402725,48.50467820361765,0,2026-09-03 06:33:50
2024-01-09 09:31:00,CNC-03,H,296.2768415292869,310.1424699909382,1581.9257019132363,45.02373485161431,23.139059129736765,2.2329619899171766,13.722908002251913,52.3339063759047,0,2026-09-03 06:33:50
2024-01-09 10:54:00,CNC-02,M,302.4955039117223,311.61627313788046,1546.9352442503675,50.11921352888661,168.20562918792714,2.6179347967641924,14.866535898758329,47.57607250440203,0,2026-09-03 06:33:50
2024-01-09 16:51:00,CNC-02,M,299.8766429212672,314.0342163765937,1699.4951853864154,43.27609164727339,21.231373708620293,2.250579678796885,13.52525165915648,51.03425014565617,0,2026-09-03 06:33:50
2024-01-09 23:45:00,CNC-02,M,299.3854665928372,310.57588260964434,2776.8553791845766,11.584296312086924,6.345703402404731,3.3548563761052095,6.130441324774942,49.689885463910265,1,2026-09-03 06:33:50
2024-01-09 18:41:00,CNC-03,H,300.1046840329869,314.098584568944,1943.23671104196,35.03394144958952,87.06559207086511,2.600860901176574,12.55691357555475,51.83015108930994,0,2026-09-03 06:33:50
2024-01-09 15:16:00,CNC-03,H,25.738175291395237,39.8004624844599,1572.5389579814387,44.0742610536347,33.30688946344834,22.351605976573516,13.036636089345777,49.28995833305161,0,2026-09-03 06:33:50
2024-01-09 15:36:00,CNC-02,M,26.227438940337606,41.58139262193538,1760.0349078987613,45.474718232077905,120.61696571967923,2.5824214127168146,15.349216471628276,56.16275642193595,0,2026-09-03 06:33:50
2024-01-09 06:18:00,CNC-02,M,296.77120286692275,311.69322229158166,1953.54928907585,36.58032618666314,215.3682732528974,3.2873929623872695,13.611509143105577,58.89421695696058,0,2026-09-03 06:33:50
2024-01-09 19:30:00,CNC-02,M,300.1552156916785,315.38225146166747,2267.5814778235967,32.22063449654378,230.41242416330883,3.8864823156816426,13.675425907020756,48.78638564391471,0,2026-09-03 06:33:50
2024-01-09 10:28:00,CNC-03,H,296.66785709849563,310.7463176064499,1341.9408410391238,50.110144568723506,112.30368571973494,2.1139425397350555,12.526113838361729,56.935381005773536,0,2026-09-03 06:33:50
2024-01-09 03:10:00,CNC-03,H,297.69500080992253,310.87213844612376,2454.087908933505,21.348839680066366,226.3547311243996,3.7452986844057894,9.795356854252926,57.86251947006157,0,2026-09-03 06:33:50
2024-01-09 13:10:00,CNC-03,H,297.89706871845544,311.6839992753653,1353.8913989829355,48.56743004452861,98.2914440013432,2.064711981576744,12.225650226545502,56.712858230978455,0,2026-09-03 06:33:50
2024-01-09 01:29:00,CNC-03,H,298.3129705769667,310.67510294039624,2631.943278125444,17.086318515363562,114.05318692517027,3.166948034500253,8.52351770709059,58.69711039018766,0,2026-09-03 06:33:50
2024-01-09 01:18:00,CNC-01,L,6784.952770191622,311.5042467657341,2626.0620502458455,20.28785566931586,90.78003565120756,3.3356200511618255,10.160228943308024,49.96539005827893,0,2026-09-03 06:33:50
2024-01-09 23:44:00,CNC-02,M,299.67336875781933,311.35487868848526,2747.3695468426763,13.97724125737018,5.315703402404731,3.2949701807829768,7.2475343475696015,53.12082967869217,0,2026-09-03 06:33:50
2024-01-09 18:02:00,CNC-01,L,27.3377541844373,40.601719686926856,2112.709126911303,29.726502469979483,0.0,2.585531055657698,11.88493249647418,51.96390263861337,0,2026-09-03 06:33:50
2024-01-09 21:49:00,CNC-02,M,299.82296331092954,312.4279399091666,2680.73240568264,16.986709852886168,137.65161489708115,3.3199555290664566,8.623872846799916,52.248614410826534,0,2026-09-03 06:33:50
2024-01-09 17:47:00,CNC-03,H,26.730860991544944,40.482258605583866,2046.1487226684137,33.751410133001926,16.170413582465518,2.6321502117151487,12.807668933170993,51.089000218733986,0,2026-09-03 06:33:50
2024-01-09 11:43:00,CNC-02,M,303.0118567298692,312.50641692112066,1528.0722762420144,52.483520699941295,245.73565868508481,3.3884594023106875,14.932291999587731,50.20726363493122,1,2026-09-03 06:33:50
2024-01-09 10:24:00,CNC-01,L,296.68725837674526,311.0019603068441,1361.6109053986686,50.00157914706881,168.04700769722993,2.4948308339415295,12.69037136500247,57.47584885868836,0,2026-09-03 06:33:50
2024-01-09 18:14:00,CNC-03,H,299.87771693707424,313.00341046777913,2138.7310469352005,27.674313288347356,51.91383054286344,2.6534457093532686,11.165543747781005,52.06798138943098,0,2026-09-03 06:33:50
2024-01-09 23:41:00,CNC-03,H,299.57202392466235,313.1681765802364,2653.601679714254,21.094104831705497,208.40281273081837,3.7618830216478814,10.31489694335051,49.07073005252552,0,2026-09-03 06:33:50
2024-01-09 04:15:00,CNC-01,L,296.48651686831613,310.78988745560935,2262.1278674331384,31.483939677325683,100.90845670823465,2.966128972213325,466.04016620073656,52.64938976029275,0,2026-09-03 06:33:50
2024-01-09 14:07:00,CNC-03,H,298.16865880011477,313.30976694339614,1517.55746814939,51.39417162676646,188.05927561959126,2.5807092798026274,14.378162368189017,54.02044365587863,0,2026-09-03 06:33:50
2024-01-09 17:37:00,CNC-01,L,27.006574578698576,42.0971685160813,1953.337054068539,40.370344035994194,166.43307819396108,3.056744476686146,14.823746345396433,51.82839327817984,0,2026-09-03 06:33:50
2024-01-09 04:47:00,CNC-01,L,296.39121012455723,,2233.10103651251,30.562739350930553,139.80348224577227,3.050940993004803,12.997881118405221,60.468168639285444,0,2026-09-03 06:33:50
2024-01-09 01:48:00,CNC-02,M,298.61842990451134,311.87672651054964,2633.5542392590296,20.56254241614609,143.72328270843474,3.3911934612561128,10.203695079643255,49.587922567411,0,2026-09-03 06:33:50
2024-01-09 13:00:00,CNC-02,M,297.65666790737487,312.6066895046189,1343.8318149141362,55.98010728208558,118.66983668753116,2.290651205496314,14.221697408990474,56.612712984890784,0,2026-09-03 06:33:50
2024-01-09 15:13:00,CNC-03,H,25.848280608387938,39.662515289149326,1613.4346179334811,42.269675566583125,28.77481131707574,2.260929805995097,12.677301985444958,51.181788137712324,0,2026-09-03 06:33:50
2024-01-09 15:18:00,CNC-01,L,25.62766686549071,40.7122376211687,1631.325075659875,46.91403290327935,193.35890424839621,3.038265707076766,14.244271429875383,48.85153915615424,0,2026-09-03 06:33:50
2024-01-09 23:35:00,CNC-03,H,299.94265376512794,313.1148252768585,2687.063054433668,18.83666716082116,201.9401742806391,3.8112790932721086,9.403970679470788,53.31438734792626,0,2026-09-03 06:33:50
2024-01-09 17:34:00,CNC-01,L,27.042165123983523,41.21183371516025,1990.7396057412711,33.667985390320524,162.312841537107,3.1241388075015672,12.457548629379556,47.36096683952412,0,2026-09-03 06:33:50
2024-01-09 08:44:00,CNC-02,M,296.2559489253019,311.8756246088169,1613.3626247204465,49.83430389951555,195.76128090743043,2.843624517661203,15.426381444161072,58.47333293633288,0,2026-09-03 06:33:50
2024-01-09 01:03:00,CNC-02,M,298.80841020026133,311.3053561013652,2684.1195855239025,18.07621445961732,95.1711842753718,3.391081548435308,8.795418244225328,52.35768873687134,0,2026-09-03 06:33:50
2024-01-09 04:38:00,CNC-01,L,296.20881596503267,309.831584427574,2276.899266783,,128.8502279208233,2.9631050432611112,11.923277577205422,57.27970344950563,0,2026-09-03 06:33:50
2024-01-09 10:32:00,CNC-01,L,296.77501621760024,311.7591414034944,1348.694033976317,55.84452987305202,180.55057399376034,2.622319652035514,13.916659573389344,57.81654378447082,0,2026-09-03 06:33:50
2024-01-09 02:58:00,CNC-01,L,297.2895188063487,308.66021317690877,2690.5094083598647,14.706035499949822,10.145566627568538,3.279161295496974,7.414118830111426,64.34767625762346,0,2026-09-03 06:33:50
2024-01-09 19:43:00,CNC-03,H,300.32888477815453,0.0,2323.8059056438346,29.32975276137946,164.5312809896605,3.176514205524523,12.77397553898875,51.641765956805806,0,2026-09-03 06:33:50
2024-01-09 10:29:00,CNC-02,M,302.2806627431395,310.60897729865707,1417.0322433666292,47.81288548229226,128.62725755326176,2.1793358522006536,12.63942365299643,46.36666446709553,0,2026-09-03 06:33:50
2024-01-09 07:52:00,CNC-03,H,296.3145100195556,310.5909182024218,1639.494339020322,42.92701749729467,91.86544389310194,2.3601489435978324,13.260137275239236,57.857671928647456,0,2026-09-03 06:33:50
2024-01-09 16:40:00,CNC-03,H,299.4608913360572,313.8607718454949,1863.177576751292,38.72283947578146,156.20308036753534,2.730136564827128,13.778731983755032,54.80610126823165,0,2026-09-03 06:33:50
2024-01-09 18:34:00,CNC-02,M,300.6452077955869,314.9010369342912,2116.321850464113,30.067296547855122,160.17610698232323,3.0025983090766633,11.946924124680647,54.15075428245434,0,2026-09-03 06:33:50
2024-01-09 21:43:00,CNC-01,L,300.60691249597875,312.6110336437452,2658.9753380385187,16.568259443709287,49.04502407145474,3.210373065805467,8.324355726803413,51.03376302569048,0,2026-09-03 06:33:50
2024-01-09 22:19:22,CNC-01,L,300.51877906136104,312.85182149334526,2812.7596397464413,16.91605443565404,89.36203448676416,3.372665916679325,9.01467023496808,46.55957403522163,0,2026-09-03 06:33:50
2024-01-09 18:03:00,CNC-03,H,26.55621413131439,40.342534281401015,2198.3154621972294,31.007435733493153,37.483561353135045,2.6156276094102315,12.829543974748523,53.359676713779095,0,2026-09-03 06:33:50
2024-01-09 22:38:00,CNC-03,H,305.4955303034768,312.0687780904228,2611.940573971328,16.782895992084345,141.1582716201607,3.3459056006451724,8.522499751036662,43.88895678810889,0,2026-09-03 06:33:50
2024-01-09 02:42:00,CNC-03,H,297.88949903763364,311.76074464275825,2305.379131665386,27.11580728343828,194.54731457763944,3.4286851394382367,11.666395359167756,57.31794259679372,0,2026-09-03 06:33:50
2024-01-09 19:37:00,CNC-02,M,300.5126131126104,314.68072862260226,2274.2728464223883,26.098400467881277,238.90161393602543,3.923929185020743,11.386056341882675,51.00898517314305,0,2026-09-03 06:33:50
2024-01-09 01:00:00,CNC-02,M,299.1437230427965,312.35375157230106,2708.947758663574,20.637402994822548,91.91155108296856,3.2606916310049368,10.537293414059508,50.39719663818293,0,2026-09-03 06:33:50
2024-01-09 12:04:00,CNC-02,M,302.8049746562727,310.49281102259437,1304.1013204150286,48.60220586879415,30.173746946102153,2.092260240350285,11.731254000160948,49.02630165150852,1,2026-09-03 06:33:50
2024-01-09 09:29:00,CNC-01,L,296.2028663578399,310.616414484896,1556.0553617924263,46.91780664418216,82.21821228261307,2.20796906541272,13.809205290847315,54.9423175655632,0,2026-09-03 06:33:50
2024-01-09 01:37:00,CNC-03,H,298.51392665605954,310.87423647331786,2748.984284237789,15.75270695750746,122.64937724989349,34.11542201145213,8.49097922709204,55.10075492573102,0,2026-09-03 06:33:50
2024-01-09 07:37:00,CNC-02,M,296.21776033130106,310.62355905449294,1706.543671089762,42.68203705672789,96.59884365386517,2.453182894146849,13.579808994855767,59.61875396826496,0,2026-09-03 06:33:50
2024-01-09 06:30:00,CNC-01,L,295.93868447468714,309.5342575710822,1952.3277811342252,34.07732835284364,56.09081252343646,2.54140812615408,12.436520069576133,59.261037471947326,0,2026-09-03 06:33:50
2024-01-09 04:53:00,CNC-03,H,296.7266941307952,310.25250655841114,2098.4679997707194,28.951931035346846,79.40810568143007,2.760597770828979,10.852546681193807,60.09533909024767,0,2026-09-03 06:33:50
2024-01-09 00:13:00,CNC-03,H,298.6383941886548,310.3142483319966,2616.2532567000535,15.575387872753286,33.21836842894602,3.158013798890243,7.726439011580926,50.609087828505295,0,2026-09-03 06:33:50
2024-01-09 10:13:00,CNC-03,H,296.48711031607314,311.15876238469394,1463.1752131517108,49.993387057302414,88.60563747908664,2.262564465508249,13.722150374435245,58.950672629029164,0,2026-09-03 06:33:50
2024-01-09 22:39:00,CNC-01,L,300.64788384940204,312.67768624454953,2753.6915449776584,14.576885178031887,109.86279315365779,3.3238476899652842,7.425628357448398,52.23807196083941,0,2026-09-03 06:33:50
2024-01-09 07:43:00,CNC-02,M,296.1929486906285,310.9078229890522,1743.1703056370434,43.309735490431144,105.19373539213656,2.4554375891117193,14.059808708722002,55.56672498467789,0,2026-09-03 06:33:50
2024-01-09 09:41:00,CNC-03,H,296.049069777758,310.3703913483763,1503.400887350273,50.00001783691722,38.45256474746126,2.1920433988489774,14.154737723067992,55.75014808883161,0,2026-09-03 06:33:50
2024-01-09 01:03:00,CNC-03,H,298.88025412576326,311.2020176305552,2761.2439901803737,16.960627198356015,86.27713619427331,3.2596606365324936,8.58915627524272,59.727088080325,0,2026-09-03 06:33:50
2024-01-09 09:16:00,CNC-02,M,296.21342632264304,310.2489607552259,1525.414642883637,46.540870480918,15.377154593329944,2.31856949845859,13.389790879686364,57.057395393499796,0,2026-09-03 06:33:50
2024-01-09 17:52:00,CNC-01,L,26.84064104010082,42.00581933781109,2090.7990533851726,,186.55501596567402,3.2519549218241286,14.765954364545976,49.39752873069174,0,2026-09-03 06:33:50
2024-01-09 04:01:02,CNC-03,H,297.6322461724675,310.5442763510067,2411.950184512504,23.765406703841396,14.174780854294461,2.9160006359830857,10.711968616018366,58.243896123974494,0,2026-09-03 06:33:50
2024-01-09 14:53:00,CNC-02,M,298.7820090260075,313.0151586939098,1635.941058409354,43.705122216723716,55.75410045252356,2.335081185289765,13.39487263019813,57.388718570064185,0,2026-09-03 06:33:50
2024-01-09 17:48:00,CNC-03,H,26.60282043414753,39.54386514973629,2015.4677066700247,29.668855298853945,17.507318198296655,2.6129417949051037,10.854904852072496,49.972859038584616,0,2026-09-03 06:33:50
2024-01-09 20:05:00,CNC-01,L,300.68430242724577,314.3366629228001,2250.0020718405317,26.91297189781787,154.34300034724762,3.1492567426986633,11.11544188037975,52.771159939845745,0,2026-09-03 06:33:50
2024-01-09 10:09:00,CNC-03,H,296.1034622281417,310.6417724788351,1535.7006318988067,47.906822557062306,82.29934903883228,2.2456203796249428,13.758942056935426,57.02496100704937,0,2026-09-03 06:33:50
2024-01-09 18:28:00,CNC-02,M,300.6705916041946,315.63182514204226,1929.350354279796,39.002444953150075,152.4645562699454,2.7882889668853426,13.956569702450546,48.742658545626654,0,2026-09-03 06:33:50
2024-01-09 10:20:00,CNC-03,H,296.5283188746905,310.5801066412146,1457.0036488479896,47.91181024435552,99.71649762804171,2.2017590187587466,13.022005982671082,54.99100432261641,0,2026-09-03 06:33:50
2024-01-09 03:40:00,CNC-02,M,297.3068321549663,309.82481544527985,2440.933482676684,22.440274226032756,16.323648059381235,2.8403524246362526,10.179686760663607,58.08925197451403,0,2026-09-03 06:33:50
2024-01-09 05:21:00,CNC-03,H,296.41405689358436,310.7915013846746,2182.9012285469853,33.77551813921253,114.71855101993441,2.8830555880732907,13.770615656081269,57.53487560735129,0,2026-09-03 06:33:50
2024-01-09 05:25:00,CNC-03,H,296.46166999747135,310.3919858364551,2252.874678659129,27.703260033444433,119.73790519864902,2.9424190923834876,11.878971314460832,59.248686102553656,0,2026-09-03 06:33:50
2024-01-09 05:36:00,CNC-03,H,296.0940312103815,310.3499400381346,2044.8058159296552,33.6164069366087,134.02171437645237,2.6984789718363418,12.89280442645053,62.17993274152397,0,2026-09-03 06:33:50
2024-01-09 10:25:00,CNC-03,H,296.2660673417009,310.13442703789667,1466.2896529249317,45.2447700859274,107.58442467109154,2.2354014660736388,12.401150418999205,56.95343936794958,0,2026-09-03 06:33:50
2024-01-09 19:47:00,CNC-01,L,300.43743477093506,314.6189726795023,2373.222762168225,28.106055418615373,132.63434256664732,3.2535158867477185,12.608286073137668,48.190955954481275,0,2026-09-03 06:33:50
2024-01-09 08:56:00,CNC-03,H,296.1243784716421,310.3068911919142,1542.6160434172423,43.05345124318484,187.0518588867475,2.5622984444746484,12.561220820780667,58.89453897138247,0,2026-09-03 06:33:50
2024-01-09 22:21:00,CNC-02,M,300.19534183165496,313.82744058822806,2665.5169436355995,20.66504326796801,172.56914955991343,3.546108352038094,10.232094486920785,47.77197686268169,0,2026-09-03 06:33:50
2024-01-09 22:06:00,CNC-03,H,305.5222380589329,312.2680343758388,2538.505977602924,21.395979608332997,106.28754152044252,3.2083285264981214,9.901849350990696,46.27028073414683,0,2026-09-03 06:33:50
2024-01-09 02:07:00,CNC-01,L,297.5588484875071,309.9304073162678,2741.133338084865,15.923400728466516,144.13662103661105,34.69920273566096,8.197123608041585,56.529705187309396,0,2026-09-03 06:33:50
2024-01-09 20:14:00,CNC-02,M,300.1575425957168,313.50685942355676,2391.3395634705,24.627239309273463,29.617864733733338,3.072984927669832,11.087474229127734,51.783722481071244,0,2026-09-03 06:33:50
2024-01-09 06:00:00,CNC-02,M,296.79042150650537,312.1506952445121,2096.339118718582,38.29047889397094,191.1682354952994,3.2592763100376034,14.863378378454895,56.68589522844497,0,2026-09-03 06:33:50
2024-01-09 18:39:00,CNC-01,L,300.4989723315421,313.69243714835636,2249.7855382320404,26.950599790251772,48.15351663138696,2.766687780761765,11.443503903805453,51.61207609076147,0,2026-09-03 06:33:50
2024-01-09 03:28:00,CNC-03,H,297.50389307361553,311.52171346208723,2525.743839360144,23.913394705622323,246.93747984257877,4.034603677988253,11.257829454280952,58.173110189870215,0,2026-09-03 06:33:50
2024-01-09 15:30:00,CNC-02,M,26.308755248686282,40.778697711104144,1578.9828697258115,45.09496848999768,111.70900218424013,2.3807805135489297,13.339746127522508,55.368320555528484,0,2026-09-03 06:33:50
2024-01-09 08:13:00,CNC-03,H,296.06506806683785,310.37608379605535,1763.845219931497,39.672741040743794,122.48440094837152,2.5623866949425347,13.14546690822845,60.05521271258866,0,2026-09-03 06:33:50
2024-01-09 08:47:00,CNC-03,H,296.12561496086386,310.96592244783176,1514.7752225755228,50.33140669236664,173.30128524062022,2.4913348327426097,14.330572447177392,56.90612037855772,0,2026-09-03 06:33:50
2024-01-09 20:13:00,CNC-03,H,300.4810547016637,313.6610400028017,2323.5491155098066,22.689096690615116,200.34691894163174,3.3604144762749297,9.626775427837504,52.25683567001101,0,2026-09-03 06:33:50
2024-01-09 08:43:00,CNC-01,L,295.92187133505234,309.31488433613214,1504.7064189896928,44.71018819544272,12.152159928688514,2.187255817977514,12.374047393576019,58.985423218137925,0,2026-09-03 06:33:50
2024-01-09 10:44:00,CNC-02,M,302.37375086252473,311.18341702372584,1340.9273993066984,53.66225448506814,,2.31623578941037,13.598677624500844,49.66368605333493,0,2026-09-03 06:33:50
2024-01-09 12:52:00,CNC-01,L,297.9258930322325,312.79667623463564,1478.7889954165746,49.574839026621156,194.84592085762642,2.8298231688464806,13.678423946306221,55.821983280927704,0,2026-09-03 06:33:50
2024-01-09 18:48:00,CNC-03,H,300.19032405276903,314.2071393923493,2233.405625682623,31.107725000141222,95.94242804340291,2.8027728969885057,13.04463722011731,51.70038998509243,0,2026-09-03 06:33:50
2024-01-09 00:30:00,CNC-01,L,299.0042088967389,310.37422307003385,2663.3165743865084,13.890436202780677,39.12923155192552,3.1970334920429315,7.166445248826757,55.069316536490014,0,2026-09-03 06:33:50
2024-01-09 22:47:00,CNC-02,M,299.6466872219687,313.51637620106425,2624.3066246251656,22.219820798391762,200.5228401652706,3.893170684416083,11.141832281356931,51.56869826862644,0,2026-09-03 06:33:50
2024-01-09 08:59:00,CNC-02,M,296.44718956482984,311.66982302054333,1531.4032192321818,48.372334301457606,218.48465306870403,2.917786667228041,13.73951456353944,57.75655162029326,0,2026-09-03 06:33:50
2024-01-09 17:12:00,CNC-01,L,26.942704231666255,42.01996250301454,1831.3825116878509,42.12010570749613,133.47896872821508,2.613274143240022,14.397908995415234,52.325780596679124,0,2026-09-03 06:33:50
2024-01-09 14:24:00,CNC-02,M,298.5407182462221,312.1471395329296,1493.9738890049232,43.63889554154538,10.881536846050368,2.2914958580274103,12.311117027013896,54.27952666426998,0,2026-09-03 06:33:50
2024-01-09 15:31:00,CNC-03,H,25.867595569429113,40.15869213983751,1703.9945316990434,42.35895686961762,55.73842510580385,2.361144101615783,13.393638051697188,51.5513332373605,0,2026-09-03 06:33:50
2024-01-09 16:16:16,CNC-03,H,26.20789002579113,40.86265115687843,1802.134788873184,42.691921997681895,121.86093398824794,2.565940753447058,14.308420111970927,50.613677979218735,0,2026-09-03 06:33:50
2024-01-09 23:54:00,CNC-01,L,299.75119229857086,311.8239478493794,2727.278450396697,13.694993692011595,189.78729410829328,3.992154317593116,7.385694839321561,52.24575442850835,0,2026-09-03 06:33:50
2024-01-09 07:49:00,CNC-03,H,296.2560345630314,310.81392942742576,1802.4949136638327,41.971909326860455,87.4768322996209,2.466307405517916,14.224590120263073,56.26555662267639,0,2026-09-03 06:33:50
2024-01-09 23:49:00,CNC-01,L,299.80620877156605,312.69066250872453,2699.532289539862,17.532650065703898,184.560389499656,3.8251238210077587,8.753268026548707,53.65711622266458,0,2026-09-03 06:33:50
2024-01-09 14:17:00,CNC-03,H,298.6180478792457,313.1673111609992,1497.125567228887,47.50538852560985,203.5090008471125,2.647510480383945,13.20197580852283,52.689975445365896,0,2026-09-03 06:33:50
2024-01-09 10:48:00,CNC-01,L,296.82496748288537,311.3430704286576,1350.3187548722174,52.761473150182596,205.83399660395352,3.032591105797974,13.340858306618177,56.10987160855268,0,2026-09-03 06:33:50
2024-01-09 01:14:00,CNC-03,H,298.41219454625224,310.7312633662594,2660.825671239679,16.765699176963352,98.0698793331344,3.327589699631304,8.277819551179803,56.175527870574086,0,2026-09-03 06:33:50
2024-01-09 06:07:00,CNC-01,L,296.1740593600429,309.74005665359493,2050.696203891571,32.40924872710829,25.101133450178416,2.70452005757629,12.277618258772328,58.16258871310719,0,2026-09-03 06:33:50
2024-01-09 12:50:00,CNC-02,M,297.563364288418,311.91296960357283,1332.3732335289988,51.3370683273571,102.93498157405573,21.520727881291556,12.839690202570818,59.50428298135315,0,2026-09-03 06:33:50
2024-01-09 09:08:00,CNC-03,H,296.0700886039365,311.0385029415597,1694.9178254362298,44.639041310344346,205.15455251385944,2.815918898992204,13.844015868089443,57.417012190516004,0,2026-09-03 06:33:50
2024-01-09 03:35:00,CNC-02,M,297.3784214189229,309.6790943173296,2465.683314294664,18.547239706617273,10.403927467247964,2.9734516235538218,8.55670084555034,54.72646428464078,0,2026-09-03 06:33:50
2024-01-09 19:43:00,CNC-02,M,300.9369318918177,316.27605186338,2314.58385297832,30.31888913061795,246.19167053067838,4.028815979470709,13.24026877363647,44.96315157468662,0,2026-09-03 06:33:50
2024-01-09 02:49:00,CNC-03,H,297.5490780682918,311.65209616473373,2386.251703735027,26.465111393924907,202.4630447582669,3.552369425364368,11.989103503799273,54.04940170722346,0,2026-09-03 06:33:50
2024-01-09 00:22:00,CNC-01,L,298.7312476403883,310.1288180338258,2838.666880643024,13.558427928259102,30.60990294810007,3.3736082311155187,7.546653308872924,49.10608967693218,0,2026-09-03 06:33:50
2024-01-09 01:27:00,CNC-02,M,298.76039904921555,311.4921797257032,2508.555973442587,18.82885674805986,121.1776836613918,3.150872862409497,8.745279073993828,56.08340107071405,0,2026-09-03 06:33:50
2024-01-09 15:18:00,CNC-02,M,25.7933841186387,39.93678745847683,1628.5758966781043,41.11482913360133,93.77937777071915,2.41483078953079,12.386001110016776,53.03132961422331,0,2026-09-03 06:33:50
2024-01-09 08:04:00,CNC-03,H,295.84062423830943,310.9204390831913,1812.6122276839646,44.37810778926333,109.29208522414339,2.5021024863393317,15.219640591276235,59.46483305785014,0,2026-09-03 06:33:50
2024-01-09 18:33:00,CNC-03,H,300.2758105995188,314.2112527855512,2117.3256143558156,31.64422624612197,76.59527683118819,2.859237160796576,12.397012182098388,52.64562492688004,0,2026-09-03 06:33:50
2024-01-09 07:12:00,CNC-03,H,296.0965169026417,310.6975553993522,1632.2339466135968,48.05250945248607,34.553040737893895,2.3176003578204543,14.602562152910824,56.85971211001414,0,2026-09-03 06:33:50
2024-01-09 16:18:00,CNC-02,M,26.336493751924763,,1717.142992359849,41.41503829204272,182.15857219797397,2.780286476501908,13.311688542707742,52.764561112026584,0,2026-09-03 06:33:50
2024-01-09 14:03:00,CNC-02,M,298.6237110156032,314.6159166924083,1392.7102323046556,58.41647146632791,217.8755556708615,2.8159778642663107,15.157862084927565,53.93741548480576,1,2026-09-03 06:33:50
2024-01-09 09:35:00,CNC-01,L,296.21300351704434,310.5975391476243,1601.8036874019763,47.45521503288893,91.47209282719525,2.269381768121466,14.339969113141754,59.7854598332697,0,2026-09-03 06:33:50
2024-01-09 06:35:00,CNC-01,L,295.8608085153815,309.49407485835144,1940.9878266180872,35.47341282423839,,2.4215770903948073,12.697404663416904,59.55696819761219,0,2026-09-03 06:33:50
2024-01-09 11:22:00,CNC-01,L,297.0478830027241,311.01843767520097,1435.7123995658087,50.3863514607885,52.06826150202185,2.1148584471056253,13.096842353347043,59.9906853015478,0,2026-09-03 06:33:50
2024-01-09 05:19:00,CNC-03,H,296.34457274781977,310.45397172379694,2051.027466167874,32.94207151414257,112.18314559142507,26.57416461514965,12.322844655779921,56.6380494265011,0,2026-09-03 06:33:50
2024-01-09 22:09:00,CNC-02,M,300.3478541627947,313.16341471042193,2755.959717373296,15.995646150718645,159.53447746132844,3.631957815224984,8.433091862400419,52.13101879024362,0,2026-09-03 06:33:50
2024-01-09 23:20:00,CNC-02,M,299.90569333480414,314.02485897660233,2599.543112966865,22.59714426513946,236.01989855064858,4.15244683522048,10.957213856015018,51.26107152616297,0,2026-09-03 06:33:50
2024-01-09 09:16:00,CNC-01,L,295.9691181279837,309.98358116078884,1629.240351137627,44.79040995570651,62.35727455980794,2.153899476323142,13.48786408399421,59.23860269230518,0,2026-09-03 06:33:50
2024-01-09 12:22:00,CNC-01,L,297.7268526788449,312.271513176559,1412.2887256217646,54.090370410231195,147.37061052640922,2.3325800957345195,14.3866130228405,53.47202044012323,0,2026-09-03 06:33:50
2024-01-09 11:01:00,CNC-01,L,296.8733125960711,310.4819774313283,1393.9046204609374,47.47832407361089,18.953508110952512,2.101177118998866,12.165698703292675,56.58808869215627,0,2026-09-03 06:33:50
2024-01-09 20:36:00,CNC-01,L,300.42397761550734,314.6173686163192,2432.021399245221,27.505839608132213,190.80730352945665,3.6569373153276,12.296869701459546,49.00226859552153,0,2026-09-03 06:33:50
2024-01-09 12:57:00,CNC-03,H,297.6838847330258,311.9114729308657,1361.8194691335275,52.98015207547675,77.77498062958476,2.083339843559181,13.423041928783046,56.81790262078776,0,2026-09-03 06:33:50
2024-01-09 20:50:00,CNC-03,H,299.96736707939107,312.706638480233,2439.1238910662346,22.363564661466228,20.822580146574804,2.9606354317392705,10.24753016181757,48.674992555460285,0,2026-09-03 06:33:50
2024-01-09 03:28:00,CNC-02,M,297.7144886591128,310.65016483293476,2348.7443780281183,24.964858212229,2.355632491806092,2.9921575950244765,11.384011458384677,59.096030337943375,0,2026-09-03 06:33:50
2024-01-09 11:27:00,CNC-01,L,296.81307031492497,311.0869462329631,1361.5705299683946,54.6701391674449,60.003970893251946,2.091782692796912,14.290371710300962,58.64569037278322,0,2026-09-03 06:33:50
2024-01-09 12:02:00,CNC-01,L,297.44277788201174,311.5762021000072,1387.4542950680423,50.0454011267706,115.66967676115812,2.2477528638957187,13.073627052993317,56.3278810324456,0,2026-09-03 06:33:50
2024-01-09 16:31:00,CNC-02,M,299.73714773833245,314.6873061852306,1751.3286903251194,42.218488569808436,200.93808601394437,2.9667315780329178,13.732230251551805,54.589105027044376,0,2026-09-03 06:33:50
2024-01-09 11:35:00,CNC-01,L,297.10965318015957,310.75496054155974,,48.46932296087445,72.73402459160533,2.109067601853491,12.501312642018807,58.278053269404865,0,2026-09-03 06:33:50
2024-01-09 09:44:00,CNC-02,M,296.60253245310156,310.6029999287124,1463.078496235565,49.686392998406305,58.54802350462071,2.14193679554795,13.824798811626643,56.642260672044834,0,2026-09-03 06:33:50
2024-01-09 14:05:00,CNC-01,L,298.4971256916945,313.1813951817177,1485.0178180799862,51.80684899919999,81.49656783257481,2.1851206872553393,14.401897757639457,54.879498961218225,0,2026-09-03 06:33:50
2024-01-09 20:17:00,CNC-01,L,300.43425461180806,313.7598783499355,2406.8822798858337,23.164194793723535,168.51150733172958,3.4044427370722405,10.55795510151091,51.27912232274792,0,2026-09-03 06:33:50
2024-01-09 10:57:46,CNC-03,H,296.6878251037723,311.1301630498073,1353.485644214419,52.13688859626193,159.7133158542097,2.3652555483621467,13.203310843877944,55.108004615010344,0,2026-09-03 06:33:50
2024-01-09 10:15:00,CNC-01,L,296.3981739423358,311.0259354165856,1499.4433525072,49.98573089117753,153.87969012717312,2.474164112234918,14.227950622093955,56.34100464192427,0,2026-09-03 06:33:50
2024-01-09 21:48:00,CNC-02,M,300.3992251285528,313.27039295050605,2620.338637837542,17.770609105957654,136.58299019220925,3.2873916202728224,8.592283878999666,49.27653237633563,0,2026-09-03 06:33:50
2024-01-09 08:30:00,CNC-01,L,295.7955159419937,311.26889511971416,1464.4918208581462,53.586859611995955,228.15260254544535,3.1817418354146056,14.56795162638636,57.12153159528741,1,2026-09-03 06:33:50
2024-01-09 22:27:00,CNC-03,H,305.5080042514899,312.4600271226804,2514.138097803785,20.36597822983029,129.20471020028884,3.194891981412939,9.503250833236644,45.18342117520871,0,2026-09-03 06:33:50
2024-01-09 16:42:00,CNC-02,M,299.94959771797363,313.7289196712508,1842.2684800661832,36.07361911217247,8.49078854991983,2.462258733713049,12.767954409780598,51.6072073002872,0,2026-09-03 06:33:50
2024-01-09 22:49:13,CNC-03,H,305.4820546461905,310.5408652115584,2773.4254851674577,9.657814440720653,153.9543068556789,3.4905610688841135,4.9129336852776335,43.03195299106871,1,2026-09-03 06:33:50
2024-01-09 15:46:00,CNC-01,L,25.936982454107408,39.29148265300489,1585.7611738976827,40.50711953935364,8.886061863511356,2.251849628721292,12.017850410645355,55.46052619303336,0,2026-09-03 06:33:50
2024-01-09 23:52:00,CNC-01,L,299.70007461440906,312.0211531177707,2833.5621037267492,14.547348269954181,187.67773469237846,4.0351106474259035,7.319398456368586,53.340568724860255,0,2026-09-03 06:33:50
2024-01-09 22:33:00,CNC-02,M,300.0645011130715,,2759.846508366577,16.8258736041029,185.52618224673367,3.71466829390999,8.518594674170698,54.11775335578585,0,2026-09-03 06:33:50
2024-01-09 19:13:00,CNC-03,H,300.28468921802033,314.3142142975341,2094.2139084971295,31.329542124571343,127.51078933991315,2.818071087089359,12.420606723175704,52.91574120922009,0,2026-09-03 06:33:50
2024-01-09 05:05:00,CNC-03,H,296.4198779021879,310.23230975078485,,30.392744059147507,94.48687664641658,2.8929098880003234,12.63249985109322,52.63878236689189,0,2026-09-03 06:33:50
2024-01-09 04:29:00,CNC-02,M,297.10546363220925,0.0,2434.7880458735526,21.090384288034514,74.84333511043035,3.0141620720347473,9.753386163923306,51.53550000718093,0,2026-09-03 06:33:50
2024-01-09 08:48:00,CNC-02,M,296.2653015180573,311.13873117574553,1431.3708644937694,50.8339045575904,201.89289814568446,2.631425574113398,13.602926050765523,60.42335558149832,0,2026-09-03 06:33:50
2024-01-09 01:39:00,CNC-03,H,298.115388256763,310.2391731818135,2590.0327866924804,16.287949787911828,124.80925377816118,3.258006515525673,8.070616462733756,56.469847879183604,0,2026-09-03 06:33:50
2024-01-09 05:34:00,CNC-01,L,301.8620747249806,310.2388799467665,2120.0743016404954,32.58898100190911,199.42960465047207,3.4704667860451446,12.826117259160549,49.54934249857208,0,2026-09-03 06:33:50
2024-01-09 09:56:00,CNC-03,H,296.26254745654046,310.325452954401,1391.231066855725,48.64625432493738,61.88799316147798,2.062785782267234,12.760873536091474,56.83816870312973,0,2026-09-03 06:33:50
2024-01-09 20:40:00,CNC-01,L,300.4908842249082,314.5143278966086,2423.5431253920196,26.027106500806827,195.47254857604224,3.631973106893802,11.818137071189522,50.628161033002364,0,2026-09-03 06:33:50
2024-01-09 14:26:17,CNC-03,H,298.55227006833644,314.0197771239918,1461.6272248304865,54.50067274753979,217.5144074208439,2.7314029095307926,14.960155930784127,51.82628043532418,0,2026-09-03 06:33:50
2024-01-09 13:34:00,CNC-01,L,298.3276557964403,311.89861282785495,1427.8854965320281,47.81722969743358,33.110928371841695,2.079942927597324,12.744702727403807,55.00307950706611,0,2026-09-03 06:33:50
2024-01-09 14:15:00,CNC-01,L,298.157501535855,312.0182051075367,1434.4342322951074,46.894879815421355,97.0759934977926,2.196773267988443,12.671245347100195,50.24275625659891,0,2026-09-03 06:33:50
2024-01-09 21:23:00,CNC-01,L,300.7741646047012,312.7451578337566,2668.797408266096,16.790911172855825,26.78192101687745,3.150690996250681,8.723025192278346,51.122924458713605,0,2026-09-03 06:33:50
2024-01-09 16:39:48,CNC-03,H,299.3711363179586,314.8291630372968,1813.059094282065,45.622711687857404,154.78163595717646,2.6377003010252396,15.418383317130244,54.75129312577561,0,2026-09-03 06:33:50
2024-01-09 11:49:00,CNC-01,L,297.36417218290916,311.3160722724426,1325.3097870581282,50.31962442367308,94.99399694885018,2.1651979231092806,12.42783579519058,60.03315693955097,0,2026-09-03 06:33:50
2024-01-09 01:46:00,CNC-02,M,298.9044182412611,312.23817445430967,2748.646023686691,20.9281458488594,141.5557801048273,3.5197342420253026,11.074649904961275,54.5586321896842,0,2026-09-03 06:33:50
2024-01-09 02:43:00,CNC-02,M,298.1688020051867,311.59494607425484,2484.764393282354,22.065830866781496,204.5619712388487,35.659012965216064,10.081175219999281,50.95793197067707,0,2026-09-03 06:33:50
2024-01-09 09:36:00,CNC-03,H,296.40488741024404,310.52453408455125,35458.046925309805,47.11763118631404,30.699752289364096,2.2096956227329496,13.503127202779234,57.348082380000044,0,2026-09-03 06:33:50
2024-01-09 14:56:00,CNC-01,L,298.6293636576316,313.12581241412363,1357.9131811693474,53.30491600984295,160.02779149760002,2.5232473418599426,13.490423541580828,55.81646400482312,0,2026-09-03 06:33:50
2024-01-09 16:45:00,CNC-03,H,299.6194399426957,314.30321848942543,1754.9909178176647,42.566692990121894,163.2747745159119,2.642112214621766,14.249223411118287,56.61381848256421,0,2026-09-03 06:33:50
2024-01-09 21:22:00,CNC-02,M,299.99896635183,313.1512783196803,2611.36006538526,19.704154270140258,107.5599333123039,3.2331592882749853,9.859567220934318,48.079653609938056,0,2026-09-03 06:33:50
2024-01-09 21:32:00,CNC-03,H,305.504805768982,312.60906018061786,2540.106130607164,,68.55391192658745,3.02081792190965,10.702612961115188,47.74384704749091,0,2026-09-03 06:33:50
2024-01-09 06:25:00,CNC-02,M,296.69243852442054,311.88517930327276,1959.6924005928147,38.97183002012583,224.89307961205247,3.413051790206688,14.144714821274547,55.93726188579758,0,2026-09-03 06:33:50
2024-01-09 20:30:00,CNC-02,M,300.5046686831401,313.28509268352167,2471.1265877151172,21.69276781458241,,3.0601759463749154,10.155145179054125,51.936184201194976,0,2026-09-03 06:33:50
2024-01-09 01:12:00,CNC-03,H,298.2942362970043,310.8204386704454,2790.6165123232586,18.09748926287677,95.91893411361521,3.4314846234593084,9.422343022560785,53.98130449869235,0,2026-09-03 06:33:50
2024-01-09 16:37:00,CNC-03,H,299.422031900774,313.7025232619103,1765.1081879102362,40.01347028787,151.9285672973456,2.5557802155981695,13.16063071027911,51.28987277521419,0,2026-09-03 06:33:50
2024-01-09 23:57:20,CNC-01,L,299.7450230662317,311.5399190675911,2784.291988727908,13.04130914602835,191.89182102940873,3.9733824424676256,6.757548334028498,50.39142746801568,0,2026-09-03 06:33:50
2024-01-09 13:36:00,CNC-02,M,298.3005229463471,312.9814854309346,1468.3851875696682,47.739647635773835,175.48402739601732,2.547297381886548,13.094786529647505,52.73416373001443,0,2026-09-03 06:33:50
2024-01-09 15:12:00,CNC-02,M,299.07218083351813,313.79669871155227,1635.7498396553801,44.930568434252976,84.72983459274742,2.2265988984289806,13.664710218742181,55.54412453124456,0,2026-09-03 06:33:50
2024-01-09 04:11:00,CNC-01,L,296.4001203645659,309.52646680577146,2239.243948696665,25.67686178500031,95.99179995191683,29.591967327546076,10.721086537072885,57.02285840836979,0,2026-09-03 06:33:50
2024-01-09 01:24:45,CNC-01,L,298.3425858602626,310.64559242212596,2839.50641392165,15.505455900531157,98.40588157834928,3.4751091255434345,8.29563357511893,53.080901294088875,0,2026-09-03 06:33:50
2024-01-09 03:54:00,CNC-03,H,297.2623998537814,309.97985311354626,2412.6267077985435,23.151332375672112,7.089415512114641,3.007586966008833,10.114357769077278,54.80886289048469,0,2026-09-03 06:33:50
2024-01-09 13:19:00,CNC-01,L,297.9518359139636,311.9778240657485,1463.860885360592,50.33754604312373,9.376757605155406,2.1600212303009645,14.095181601953144,56.67596326424033,0,2026-09-03 06:33:50
2024-01-09 13:53:45,CNC-03,H,298.5950705639335,313.0355810326714,1499.1638151268094,47.40649739309121,167.7414654342951,2.422696374191622,13.27745016322076,52.72580051719961,0,2026-09-03 06:33:50
2024-01-09 18:19:00,CNC-01,L,300.35259067376836,313.4321318817257,2016.7069353589561,30.560756222880002,22.420584474369118,2.6336188046364284,11.244886197360303,50.646215065881385,0,2026-09-03 06:33:50
2024-01-09 07:06:00,CNC-01,L,295.9520543097876,310.51793518519696,1743.5995334117695,42.58651321806783,106.16209045120515,2.4732477767091923,14.028277266238948,60.04918162809418,0,2026-09-03 06:33:50
2024-01-09 04:42:00,CNC-02,M,297.11271338542883,311.31951155874816,2196.942325466435,32.28057003188464,90.88914658854424,2.806201309436793,12.97886951156276,57.95729705883583,0,2026-09-03 06:33:50
2024-01-09 13:55:00,CNC-01,L,298.47788147985625,312.6525813400922,1488.0227348938151,48.16617855403338,65.82153802962648,2.1643523042666697,13.27447555180235,53.67227513207415,0,2026-09-03 06:33:50
2024-01-09 01:52:00,CNC-02,M,298.6988029079386,311.90261899156525,2459.312283916949,21.944451670084323,148.11028464602052,3.3197545782592086,9.945558731220355,53.189549216180616,0,2026-09-03 06:33:50
2024-01-09 01:00:00,CNC-01,L,298.5404303236842,310.81627432494287,2620.9433039230344,17.59358971761012,71.26600545160457,3.2397015776104876,8.636509962990107,57.20170981117408,0,2026-09-03 06:33:50
2024-01-09 18:41:00,CNC-02,M,300.69240548169284,315.8818150657105,2154.8073228679687,34.01528931632904,169.18329199267365,3.2225140465346485,13.666002876304486,51.02328693066406,0,2026-09-03 06:33:50
2024-01-09 13:17:00,CNC-02,M,297.7829216836692,312.3613449512053,1372.6870781133591,53.7003261076257,145.49144253334595,2.2483769019358997,13.798059869619316,59.24138137954945,0,2026-09-03 06:33:50
2024-01-09 17:17:00,CNC-01,L,26.951841726205316,41.316296794134416,1780.6805946769202,40.681085487688875,138.93326656290492,2.6214209683031013,13.637152177438924,49.05343365573572,0,2026-09-03 06:33:50
2024-01-09 12:20:00,CNC-02,M,297.52624601157214,311.05638685259,1310.031025404604,47.66180260930465,55.480004702603836,2.058437318995313,11.526565374758638,56.26372389798489,0,2026-09-03 06:33:50
2024-01-09 05:14:00,CNC-01,L,301.503626417098,309.643318195017,2257.829801002616,29.184699246389798,173.69444606243792,3.316068592566063,12.414487124202886,,0,2026-09-03 06:33:50
2024-01-09 07:57:00,CNC-01,L,295.9302786652571,309.9082767077846,1584.088740801827,41.918787044237355,179.372138118477,2.808814408970802,12.312340498595743,55.51873380296524,0,2026-09-03 06:33:50
2024-01-09 11:27:00,CNC-02,M,302.6771722951187,311.9313836891137,1481.436025772252,53.0131882135516,220.4833096173991,2.9760474160236297,14.810912452703887,50.99807802890031,0,2026-09-03 06:33:50
2024-01-09 06:31:00,CNC-03,H,295.9620836634764,310.70822228601577,1853.8136687742,38.95388412205636,207.73007328664497,2.9876346716867355,13.510667874876109,59.852047326918026,0,2026-09-03 06:33:50
2024-01-09 12:48:00,CNC-01,L,297.91584896747,312.74222566269844,1408.2525682195756,52.52454214372403,188.54071664414536,2.7557269816330376,13.954624724656806,55.44524227107135,0,2026-09-03 06:33:50
2024-01-09 21:52:00,CNC-02,M,300.6304493532263,313.9400026545373,2593.663364356473,21.138679591572274,141.0464031222419,32.68299211378476,10.39441220183076,54.39580933116969,0,2026-09-03 06:33:50
2024-01-09 13:24:00,CNC-01,L,298.2475601611382,312.35758554910217,1417.9580604084297,51.33162303204839,17.293022733599617,2.1008147832897013,13.630197431839795,52.98870312477787,0,2026-09-03 06:33:50
2024-01-09 04:02:00,CNC-03,H,297.2015708708335,310.27227041775643,,27.297059283303422,16.658522391601558,2.6483016434097197,10.924847359424652,57.35604484534099,0,2026-09-03 06:33:50
2024-01-09 22:24:00,CNC-02,M,299.990758682312,313.68379037934943,2652.935550611574,21.793606106720674,175.85194309512045,3.6071017473986506,10.851052545902466,52.70046646584072,0,2026-09-03 06:33:50
2024-01-09 23:21:00,CNC-03,H,299.84438127690964,312.50839085040303,2743.238819459744,16.859878755347044,187.11625845620082,3.651643636427509,8.6435837763557,55.90893324481115,0,2026-09-03 06:33:50
2024-01-09 01:09:00,CNC-01,L,298.53494476318093,311.36499898368106,2651.2548249606516,20.81492930562245,80.98610945795171,3.3390795831789464,10.37984239895123,52.48340918232903,0,2026-09-03 06:33:50
2024-01-09 06:36:00,CNC-01,L,295.8340028229396,309.8198714790768,1948.9602070768176,36.80302131366187,64.43608810431013,2.5942619282228283,,60.736487905601535,0,2026-09-03 06:33:50
2024-01-09 22:32:00,CNC-02,M,299.865760567515,312.7227220533731,2696.8157591711656,15.987789963958626,184.47460256922324,,8.39878755755932,52.048971257697204,0,2026-09-03 06:33:50
2024-01-09 01:51:00,CNC-03,H,298.1547720459847,310.17834910428996,2675.341054334263,14.991732481094768,137.94948395127793,3.4223327840340843,7.60021656405983,54.05928071069785,0,2026-09-03 06:33:50
2024-01-09 01:19:00,CNC-03,H,298.58928543335475,310.98720815880546,2740.45702908784,16.90744107909983,103.3757195478133,3.355680261719702,8.741000905162055,53.97552252346352,0,2026-09-03 06:33:50
2024-01-09 02:22:00,CNC-03,H,298.00813182181656,311.04849195090935,2515.410915559729,20.469258013400495,172.09310697482644,3.282858409473266,9.31012691731029,57.56153459152842,0,2026-09-03 06:33:50
2024-01-09 19:51:00,CNC-01,L,301.04407356079537,314.35978720150575,2391.01798591695,24.074954169510896,137.47518929189619,3.2500417251657736,10.864393271602196,51.32487974135322,0,2026-09-03 06:33:50
2024-01-09 15:41:00,CNC-01,L,26.027971856979548,40.146386238404034,1656.5081831583072,45.39114487688295,1.5059884342090433,2.346414477508007,13.860404821121984,52.26418340105181,0,2026-09-03 06:33:50
2024-01-09 12:37:00,CNC-01,L,297.91498857858096,312.5809585512723,1331.2078715282996,55.0903347427243,171.10635355904154,2.560573605729189,13.877249601406666,56.00789926361335,0,2026-09-03 06:33:50
2024-01-09 02:08:00,CNC-02,M,298.4302765219925,312.23816555932285,2692.7577230067945,22.485611116787815,165.4720410870796,3.6383363998146607,11.301146594378393,54.353425409737525,0,2026-09-03 06:33:50
2024-01-09 07:26:00,CNC-03,H,296.13209059468346,309.8050972156595,1789.0952979482533,36.81495690592549,54.37707432661792,2.463294468487413,11.978814789203769,60.52978636282309,0,2026-09-03 06:33:50
2024-01-09 03:53:00,CNC-02,M,297.47134291571547,310.574776719656,2297.0926231532017,26.349770990225903,31.665410293125618,2.8024732258000644,11.283321325252938,60.60604452577631,0,2026-09-03 06:33:50
2024-01-09 19:03:00,CNC-03,H,300.3826434422691,314.6114484515717,2264.372577222266,30.746703573647746,114.94166784250976,2.8146881962839694,13.132361810104658,52.68659268966551,0,2026-09-03 06:33:50
2024-01-09 22:54:00,CNC-01,L,300.33145288983434,313.61596152422425,2506.5494446854236,22.380859080761624,126.26511300193619,3.284163251776328,10.829524437544377,48.25684307020154,0,2026-09-03 06:33:50
2024-01-09 22:04:00,CNC-02,M,300.07971966577463,313.0232745635063,2610.806431051373,17.202748215980893,154.16249346940225,3.5204714974881557,8.427112479125443,48.58269362637164,0,2026-09-03 06:33:50
2024-01-09 00:45:00,CNC-03,H,298.9611661962351,310.9257513930864,2631.263790211072,16.14033932490575,67.1410803420318,3.1364313586766794,8.01012963533211,53.51014595196419,0,2026-09-03 06:33:50
2024-01-09 00:52:00,CNC-01,L,298.5348856663065,310.52412688428416,2818.6028532538085,15.23866312304526,62.70774933986885,3.256946179436738,8.341840410662494,52.97269622766228,0,2026-09-03 06:33:50
2024-01-09 17:51:00,CNC-01,L,27.212351700889315,41.662213240548226,2128.0927376175223,32.65453143182626,185.2197693300609,3.371735072621678,12.816508528005686,49.17431397906907,0,2026-09-03 06:33:50
2024-01-09 07:45:00,CNC-02,M,296.1662641390799,310.7751930643901,1789.853651499457,40.90570976827298,108.07572232084769,96.66449144529304,13.8679515615455,64.49009253574425,0,2026-09-03 06:33:50
2024-01-09 09:11:00,CNC-03,H,296.04728851644063,311.0375474281955,1549.9204229646593,49.103361832776386,209.74553640653224,2.8597268465431918,14.310069287454882,55.35708457035384,0,2026-09-03 06:33:50
2024-01-09 18:14:00,CNC-01,L,300.38832437333497,313.7776721347707,2003.0826942339506,32.19185117605302,15.87485957700845,2.5494012345251456,11.898194938221572,51.909611220436304,0,2026-09-03 06:33:50
2024-01-09 06:05:00,CNC-01,L,,309.6343495385795,2143.74159215765,31.134320534935213,22.442175066102415,2.835843418855238,12.545335906378419,61.03763894184591,0,2026-09-03 06:33:50
2024-01-09 14:10:00,CNC-02,M,298.2736506167944,314.1233328259604,1561.3577202116342,53.61488897908163,228.78149244856755,3.1758313223577064,15.489393640201804,53.365296149643555,1,2026-09-03 06:33:50
2024-01-09 04:52:00,CNC-03,H,296.55753303076557,310.4632662448255,2265.3728889697463,30.361606891655114,78.09846873955063,2.9868534222053813,12.993262721622866,60.66126094355058,0,2026-09-03 06:33:50
2024-01-09 11:39:00,CNC-03,H,296.83964504869743,312.0134287752805,1372.5683593298509,56.98428795407333,224.5513208880216,2.7841172167809916,14.467841299338968,57.42218691497654,0,2026-09-03 06:33:50
2024-01-09 04:05:00,CNC-01,L,296.8056682831294,310.08330950356475,2399.855579468046,24.795704588895724,88.71737418129374,3.061739827284666,11.146724610569269,63.373842989037044,0,2026-09-03 06:33:50
2024-01-09 10:15:00,CNC-02,M,302.14601511747486,310.62964778878734,1334.825343558854,51.96397649697206,106.7068702857228,2.087136277393272,13.075178535129591,47.132874321772434,1,2026-09-03 06:33:50
2024-01-09 05:31:00,CNC-02,M,296.5356717377334,311.2346023032593,2027.8019591726577,36.155181254580604,153.02153893679375,2.8346953701202513,13.69340318814983,57.93369725004707,0,2026-09-03 06:33:50
2024-01-09 04:34:00,CNC-03,H,296.8215063446967,310.3992207341728,2151.4238691245246,28.17516106085347,55.64753008384198,2.714979077258746,,57.269845087133284,0,2026-09-03 06:33:50
2024-01-09 12:14:00,CNC-01,L,297.5023357765035,312.0168065085726,1493.1852951278902,49.61637684427029,134.67676767500012,2.367934232402804,13.78760044747543,58.1452287365626,0,2026-09-03 06:33:50
2024-01-09 08:34:00,CNC-02,M,296.420044490179,311.20192272332446,1461.7374298103446,50.0864872936582,180.5772888085199,2.6157581518959803,13.684278845905055,57.67487003574197,0,2026-09-03 06:33:50
2024-01-09 18:01:00,CNC-01,L,27.438840073498454,42.46887635222981,2015.3578966622467,37.281070936174345,198.70185826770302,3.3267149478404714,14.207959930587734,54.81348455990189,0,2026-09-03 06:33:50
2024-01-09 08:24:00,CNC-03,H,295.77369211313305,310.619972474694,1676.1620761712393,45.69937519765321,138.8677803629044,2.4323045230415445,14.474572532713362,54.60394857674583,0,2026-09-03 06:33:50
2024-01-09 19:24:00,CNC-02,M,300.46140302967126,316.0512090824796,2144.238491910751,37.18691457459401,223.0372493568664,3.7274711480104727,14.89054828731402,50.49382725758362,0,2026-09-03 06:33:50
2024-01-09 15:33:00,CNC-02,M,26.038794292010834,40.760347910015355,1640.3574506598968,45.55310815862878,116.20607266926393,2.3716302278627084,14.033322638114221,53.90825161370825,0,2026-09-03 06:33:50
2024-01-09 13:15:00,CNC-03,H,298.11203784921656,312.63468049600436,1542.9659370699655,48.790818710208065,106.23009349675439,2.239678791572035,14.178364811093438,53.17019108890108,0,2026-09-03 06:33:50
2024-01-09 22:12:00,CNC-01,L,300.4703035125238,313.082665384723,2678.729556328127,19.14387347918293,80.75967128403161,3.246381446929656,9.522393158043306,50.127320763822404,0,2026-09-03 06:33:50
2024-01-09 10:13:00,CNC-02,M,302.1865176132186,310.93070953844375,1430.4783304160705,51.3262843102346,103.55732078087439,2.117847041222442,13.659036888955246,43.511365317076084,0,2026-09-03 06:33:50
2024-01-09 00:10:00,CNC-01,L,299.1517859088518,309.8174882444206,2744.488051474842,9.401230175231099,17.8595308675574,3.2807028111129606,4.748809700173237,54.54687947748704,1,2026-09-03 06:33:50
2024-01-09 06:58:03,CNC-03,H,295.9067415314486,309.63238104888194,2067.917466366744,33.64873665537474,15.015714817626057,2.6591783921473473,12.87736764053143,59.71643125432729,0,2026-09-03 06:33:50
2024-01-09 19:51:00,CNC-02,M,300.84262394345757,313.5980363611288,2426.8856549101192,21.706995450980614,2.4328894779243573,3.0675121904811125,9.977496768190768,52.75570311319001,0,2026-09-03 06:33:50
2024-01-09 08:58:00,CNC-02,M,296.36486129518306,311.61035054151785,1642.733362064221,45.38671276727,216.9684756444685,3.043062195834078,13.74925992052545,57.41858579203558,0,2026-09-03 06:33:50
2024-01-09 14:29:00,CNC-03,H,298.5758708455638,313.39377956113583,1565.6935991647676,47.300983896683064,222.1091424537499,2.95265188880872,13.723399067387371,53.941681280829755,0,2026-09-03 06:33:50
2024-01-09 05:29:00,CNC-03,H,296.18483525520327,310.39289065428744,2150.7758103166807,32.396045290515914,124.92809479900126,2.8777566056759265,12.835595412371617,59.458662770444,0,2026-09-03 06:33:50
2024-01-09 13:12:00,CNC-02,M,297.63905122407067,312.57351582721,1319.3420041902543,56.786495871698094,137.54009326598498,2.211279714265327,13.914927249969177,56.6148580146623,0,2026-09-03 06:33:50
2024-01-09 04:37:00,CNC-02,M,297.14556745646627,310.08285518730776,2324.792987592116,23.303610865784762,84.69541441820148,28.926364701468028,9.978207799479453,51.60810517936827,0,2026-09-03 06:33:50
2024-01-09 13:31:00,CNC-02,M,297.83077047270365,312.4510506207921,1427.730612870108,48.97399109879744,167.64097772934295,2.558049768532109,12.917503737091199,54.66692218997078,0,2026-09-03 06:33:50
2024-01-09 16:32:00,CNC-03,H,299.552606599416,314.44528597410203,1751.451132252955,44.12609645451332,144.83157618625302,2.671421587251172,14.38756950295593,51.01890366965815,0,2026-09-03 06:33:50
2024-01-09 14:35:00,CNC-03,H,298.6817420306888,314.0719893480876,1390.2013449246674,57.86659362955857,231.3718503552665,2.789499662437118,15.184763838124532,56.968351697755374,1,2026-09-03 06:33:50
2024-01-09 10:48:00,CNC-03,H,296.71872985388455,310.73509586660185,1344.3929583304234,50.56599190673294,143.83070609538913,2.357435235694405,12.945931699847451,56.79550456409546,0,2026-09-03 06:33:50
2024-01-09 19:03:00,CNC-02,M,300.3996219683481,314.3850723021322,2222.493371850288,27.526067176069848,197.01036614740408,3.398803016817027,11.654594212496772,53.92847822001339,0,2026-09-03 06:33:50
2024-01-09 10:36:00,CNC-02,M,302.30879713743354,311.7506498802489,1486.7248509051174,56.123324263673695,139.66111843229402,2.3383157817118554,15.87556531774283,44.743660426342416,0,2026-09-03 06:33:50
2024-01-09 04:04:00,CNC-01,L,296.53623501654573,310.18921086992265,2282.5912928946564,28.187080146036696,87.52460816594649,2.9393079416145844,12.108523246617315,56.71294851424748,0,2026-09-03 06:33:50
2024-01-09 20:44:00,CNC-03,H,300.1256856921207,312.10634027958565,2419.971148576326,19.815815637267,13.848473515614906,2.9021256028537676,8.896175760297497,53.833973084335284,0,2026-09-03 06:33:50
2024-01-09 11:23:00,CNC-03,H,296.7301167338425,311.90484679622284,1434.4685466171734,54.6588201911797,199.25496646904307,2.6123392191589883,14.589138586895157,61.47632726186188,0,2026-09-03 06:33:50
2024-01-09 19:53:00,CNC-03,H,300.2970376621576,314.3770891676077,2364.6609725336816,27.54864341271957,176.64213174792798,3.2348068173145643,11.97445055832174,54.334869441117704,0,2026-09-03 06:33:50
2024-01-09 02:33:00,CNC-01,L,297.3185380902956,310.7765708218946,2643.680642513331,22.073910763121095,172.95482079290107,3.7630035544326557,10.912238941690221,54.26148174975206,0,2026-09-03 06:33:50
2024-01-09 13:36:00,CNC-01,L,298.4028424353541,312.4468555446184,1529.3517576991508,46.583709697414115,36.17404371725067,2.098456679330004,13.327569658151496,56.57928270206857,0,2026-09-03 06:33:50
2024-01-09 15:40:00,CNC-01,L,25.89228090600551,39.26009604736237,1793.3211492116907,36.76355623262881,0.0,2.4143410664251164,12.430415011916638,51.49899568750295,0,2026-09-03 06:33:50
2024-01-09 21:36:00,CNC-01,L,300.87854100045746,313.1993545429322,2701.845170206806,17.52513414196821,41.30359936200613,3.192202447609947,,54.254466609375505,0,2026-09-03 06:33:50
2024-01-09 19:31:00,CNC-01,L,300.6134682935519,313.98098612825993,2305.3521953088016,26.491064284723585,113.2803478068766,2.939998204530942,11.598092919737388,52.299463009575696,0,2026-09-03 06:33:50
2024-01-09 16:14:00,CNC-03,H,26.136383701569457,40.88305132309608,1831.0344199697995,42.41881360593601,118.91110306183506,2.6519267085254756,14.530002149119635,53.41613090585503,0,2026-09-03 06:33:50
2024-01-09 09:50:00,CNC-03,H,296.12273411630997,310.1762570852191,1409.1413429829936,49.30757883943353,52.502845070874606,1.9917042299411234,12.878037941205433,58.287566946341286,0,2026-09-03 06:33:50
2024-01-09 00:58:57,CNC-02,M,298.74260501366683,311.895618358057,2658.8630031632424,22.144849036070177,90.83090331736302,3.3767656304622276,10.767131546384112,53.10778520262044,0,2026-09-03 06:33:50
2024-01-09 07:41:00,CNC-01,L,295.69406015614265,310.3450059374682,1794.175247698684,41.76492971877767,156.05310224688898,2.701355523081708,13.961965898823312,62.24209060509173,0,2026-09-03 06:33:50
2024-01-09 08:54:00,CNC-01,L,295.9123842062176,310.57803135358864,1696.2614076002476,47.19761101757612,28.865675925392253,2.4133673222298873,14.809086207051102,55.58727687574794,0,2026-09-03 06:33:50
2024-01-09 15:56:00,CNC-02,M,26.18145879621028,40.63706104355589,1725.3641579511993,41.025509098588465,150.1550020616836,2.7387359320661493,13.30298366719476,49.01821401486027,0,2026-09-03 06:33:50
2024-01-09 18:58:00,CNC-03,H,300.5013830117021,314.29406384156465,2229.4475656248737,28.517982220539874,108.60637538040217,2.9448219962156186,11.931710919055556,45.71163520617989,0,2026-09-03 06:33:50
2024-01-09 15:02:00,CNC-03,H,298.7817983511229,311.94272440396,1431.6409861854177,44.07753491161505,12.205400643274075,20.75105962451616,12.028972928541316,50.45541389540905,0,2026-09-03 06:33:50
2024-01-09 01:07:00,CNC-03,H,298.52139174278244,310.30811343204937,2712.0570272110685,14.89964356076488,90.61212007077398,3.2413991996768705,7.337856914511803,56.69198780421793,0,2026-09-03 06:33:50
2024-01-09 05:13:00,CNC-01,L,301.49944156665947,309.46532624139036,2274.505907635354,28.239244874107676,172.44827438189472,3.4513500887124033,11.987672961527645,,0,2026-09-03 06:33:50
2024-01-09 16:50:00,CNC-03,H,299.5739353661279,314.32415523771965,1830.429401490775,,170.35406968085834,2.824864504820878,13.292928788888988,51.20061455740129,0,2026-09-03 06:33:50
2024-01-09 23:31:00,CNC-01,L,299.9725169790629,313.05696762981165,2625.26382848875,19.84551200135681,165.50231758257632,3.608488466759829,9.760915576912028,54.626724021796804,0,2026-09-03 06:33:50
2024-01-09 02:11:00,CNC-01,L,297.8944684775615,310.1786088775436,2573.958184157636,16.885996489589886,148.5650212759466,3.4446680969419905,8.123046171623354,58.402054934694675,0,2026-09-03 06:33:50
2024-01-09 02:11:00,CNC-03,H,298.3090577939388,311.2714779398897,2700.205285096983,18.184530607988076,159.8749769274709,3.525810220023331,9.345399494537451,52.842797046618834,0,2026-09-03 06:33:50
2024-01-09 20:27:00,CNC-03,H,300.29629248438766,314.0833282050453,2355.222548574108,26.030000536024914,216.85465319968645,3.694907237905002,11.303695026111443,49.205692774743625,0,2026-09-03 06:33:50
2024-01-09 06:14:00,CNC-01,L,295.92534852852816,309.70193903846206,2038.8233425395424,34.17673268535956,34.487355871273024,2.6993252042367852,13.045043610066134,58.673660811027695,0,2026-09-03 06:33:50
2024-01-09 07:37:00,CNC-03,H,296.2970223028189,309.81899410508777,1820.5426002706533,35.62334282736283,70.01866963298637,2.4073057503118505,12.114713273905686,57.976927747237816,0,2026-09-03 06:33:50
2024-01-09 03:32:00,CNC-02,M,297.4709380635054,309.8996428066474,2477.2067545817263,21.253507887260476,6.935108794502421,2.952430817708394,10.086542007994009,54.696435634725546,0,2026-09-03 06:33:50
2024-01-09 03:51:00,CNC-01,L,296.7863569530594,309.6225809703414,2399.698309302413,22.609501803889362,71.8953980114184,2.830298824070193,10.05720503017921,57.860844757398546,0,2026-09-03 06:33:50
2024-01-09 01:35:00,CNC-01,L,298.00441064430885,310.78370771945254,2575.1940775544745,19.05049122213111,109.3102691046872,3.284523793590503,8.991182922483782,55.65056024677112,0,2026-09-03 06:33:50
2024-01-09 19:43:00,CNC-01,L,300.4959563574498,313.9546010379314,2362.4308073505704,24.439088677024184,127.86533549836054,3.200483423046066,10.831471437710254,50.61230692590051,0,2026-09-03 06:33:50
2024-01-09 19:57:00,CNC-03,H,300.46785140927,314.2564373539883,2362.3024426620914,27.075647170538435,181.3926901753929,3.2797012003559924,12.104298941185645,48.68912993007907,0,2026-09-03 06:33:50
2024-01-09 03:46:00,CNC-02,M,297.3545472014026,310.18344523138967,2299.2021994808897,23.725089456893606,23.38420485187979,2.988248784257851,10.103401490384114,54.73106622230133,0,2026-09-03 06:33:50
2024-01-09 22:25:00,CNC-03,H,305.35749032754126,312.2022731036174,2616.6437878843203,19.68650555172828,126.97627869651755,3.20560056444987,9.691174863341319,41.31295028521479,0,2026-09-03 06:33:50
2024-01-09 04:54:00,CNC-01,L,296.2306021894229,310.7532665918738,2201.707400153393,31.9880055320613,148.542345962954,3.0960383564909977,13.21053185595075,59.50756036485568,0,2026-09-03 06:33:50
2024-01-09 00:07:00,CNC-03,H,298.85221915667614,308.69159172119504,2714.3508306452854,6.488818790723752,26.711198444769575,3.3132853354695446,3.3815272566925407,54.89392495146459,1,2026-09-03 06:33:50
2024-01-09 09:09:00,CNC-03,H,295.8359847085394,311.258310018854,1513.919762408494,53.595849730572176,206.70597120585276,2.674253895051685,15.075426425758451,57.263205010722146,0,2026-09-03 06:33:50
2024-01-09 12:21:00,CNC-02,M,297.3185238438846,311.0089523175628,1361.5911720058662,46.87654235079634,57.07073721447095,2.000673217790012,11.744741575815839,58.17248963440696,0,2026-09-03 06:33:50
2024-01-09 20:07:00,CNC-03,H,300.549866995649,312.9693440349432,2566.8976633338707,17.41770494105627,193.3671404957669,3.5632444674898505,,53.51331188250064,0,2026-09-03 06:33:50
2024-01-09 16:35:00,CNC-01,L,299.84433641317713,313.6179218141973,1723.5688290031267,38.094137074775524,79.82772600852563,2.3444602324518047,12.236451880161319,55.946598825861415,0,2026-09-03 06:33:50
2024-01-09 14:42:00,CNC-03,H,298.7961861127956,314.4624523146625,1674.304959341996,49.61345525054061,242.07618638284154,3.208685827847606,15.557712245690785,55.4170473803583,0,2026-09-03 06:33:50
2024-01-09 12:51:00,CNC-01,L,298.0979612379943,312.79742941442595,1338.802048752449,54.273574221378006,193.2733537529171,2.7270094421023092,13.595312586269758,58.596742226872145,0,2026-09-03 06:33:50
2024-01-09 05:26:00,CNC-02,M,296.8451198574813,310.461009155029,2276.542808990173,26.715445617004722,146.47240348159556,3.1611441082657836,11.166379048373015,54.3679201708451,0,2026-09-03 06:33:50
2024-01-09 08:40:00,CNC-01,L,295.98852505887936,309.30227298171286,1572.0155708422194,40.42506959779478,7.529961985015953,2.2807967858463085,11.75659539999036,55.40824959809184,0,2026-09-03 06:33:50
2024-01-09 14:59:00,CNC-02,M,298.97117723422116,313.68181382824673,1585.651986091961,46.01610684512094,64.89333120571521,2.229674032799035,13.783076342221014,55.632914632537954,0,2026-09-03 06:33:50
2024-01-09 04:55:00,CNC-02,M,297.1286360213336,311.45931924752267,2286.0233734326443,31.19256615515419,106.98310256296806,2.938397769883846,13.359253065608053,57.86467763793262,0,2026-09-03 06:33:50
2024-01-09 21:24:00,CNC-02,M,300.0391669741088,311.9587268156039,2597.1866158745956,13.523072172603412,109.7656094813526,3.2095098979771475,6.3587442338538,56.648657995827605,0,2026-09-03 06:33:50
2024-01-09 07:29:00,CNC-03,H,296.1284293409767,309.857950390957,1809.8276073141744,38.602783764150544,58.60322852824041,2.46656608237856,13.066903591831945,55.24972867256558,0,2026-09-03 06:33:50
2024-01-09 22:14:00,CNC-01,L,300.55713620133173,312.66075284911767,2790.7196015423424,15.21596678485446,82.87756753228983,3.341988331470083,8.001468003656884,52.19519471575241,0,2026-09-03 06:33:50
2024-01-09 03:50:00,CNC-03,H,297.1691269556497,308.6662194702335,2424.021037431666,17.773627290100546,2.348622459733556,2.9901934539673323,8.095193280035232,59.75870276045209,0,2026-09-03 06:33:50
2024-01-09 09:39:00,CNC-03,H,296.09251661067304,310.0915545776638,1646.1918351598695,43.75362912608396,35.31096787339838,2.317673683216668,13.557046185866074,53.64569076469413,0,2026-09-03 06:33:50
2024-01-09 23:30:33,CNC-03,H,299.64559264857485,311.71266718978677,2721.5060919158263,14.163606635863708,198.71749485086283,3.7884756321646003,7.293415088778019,51.34007006781184,0,2026-09-03 06:33:50
2024-01-09 12:31:00,CNC-03,H,297.41219346643925,311.09466488083274,1306.6087992016905,50.96178972908872,36.51901524488505,2.0427277090672775,12.467350518481856,58.93145008905872,0,2026-09-03 06:33:50
2024-01-09 11:10:00,CNC-02,M,302.36708517781875,310.2973742761536,1297.7075707893694,46.18204610882952,193.56739295953022,2.567997607145193,11.235837352631837,50.28607409800516,1,2026-09-03 06:33:50
2024-01-09 09:00:00,CNC-03,H,296.1599929894107,311.2142208915894,1535.145100726099,49.436499739151486,193.0995691581427,2.6860063578223388,14.112499957037134,56.684755721862636,0,2026-09-03 06:33:50
2024-01-09 17:44:00,CNC-01,L,26.94693468961259,42.19779575118548,1888.0833284839825,42.40589551010335,175.97639719009976,2.993410221863245,14.933464203076367,49.52757234256323,0,2026-09-03 06:33:50
2024-01-09 23:28:00,CNC-03,H,299.6778377475201,312.35251103841154,2825.106475242699,16.03692341708025,194.48210616947932,3.7796281086063015,8.54410479947767,55.82981577975553,0,2026-09-03 06:33:50
2024-01-09 00:35:00,CNC-02,M,298.6826453061915,310.2454064038438,2886.153149757546,12.763444583725175,65.50596236629082,3.579421845920564,6.791393975152054,55.82735037709155,0,2026-09-03 06:33:50
2024-01-09 20:41:00,CNC-01,L,300.41263014361977,314.2459963108545,2477.396634434135,24.669310648310663,196.61944961693808,3.8102989043880062,11.417475396641214,51.15509471824885,0,2026-09-03 06:33:50
2024-01-09 22:21:00,CNC-03,H,305.65182482327947,312.71606240929964,2598.1597621678075,21.392628775423848,122.65706584785399,3.2813282702625104,10.306416103294623,40.99398083666521,0,2026-09-03 06:33:50
2024-01-09 18:02:00,CNC-02,M,27.390077995199476,41.81013987800594,2074.485624034375,33.65098668825606,118.22187696946405,2.9408740435478755,13.047386372198982,48.485543854639005,0,2026-09-03 06:33:50
2024-01-09 20:53:00,CNC-01,L,300.6522911278061,314.4337319540595,2480.577835318693,23.303389896026136,210.50422504740968,3.956006942556148,10.56596746178571,51.31211291695769,0,2026-09-03 06:33:50
2024-01-09 00:43:00,CNC-03,H,298.63672366968274,309.67717210028,2689.815612238018,11.894145096905413,65.0026494233239,3.213037905594196,6.043044113100007,57.041681188201956,1,2026-09-03 06:33:50
2024-01-09 04:01:00,CNC-01,L,296.37725976024416,309.7531297078995,2361.477538669742,24.926515657608135,83.93114053017946,2.9984872990483082,11.14402745290074,56.192262036945685,0,2026-09-03 06:33:50
2024-01-09 23:33:00,CNC-02,M,299.4767861015032,312.9189001394037,2673.1103545179108,18.20155715843183,249.92342572667653,4.445632203139719,8.985707254841335,52.05233967983863,0,2026-09-03 06:33:50
2024-01-09 13:18:00,CNC-01,L,298.0962437941237,312.1764703001569,1437.94626217469,,7.831431137801342,2.131272038647754,13.691731450846387,57.37243450097881,0,2026-09-03 06:33:50
2024-01-09 02:20:00,CNC-01,L,297.6473796848443,310.12853153219606,,18.356522432185685,158.54525277539014,3.4606422357666204,8.658201728966349,61.07819061882927,0,2026-09-03 06:33:50
2024-01-09 15:58:00,CNC-02,M,26.203707541339156,41.64988387497857,1708.328187958277,46.37285886403499,153.01406390630385,2.5994613043857417,14.65676252844949,51.70764815643985,0,2026-09-03 06:33:50
2024-01-09 22:44:00,CNC-02,M,299.8313046995917,312.8964632962189,2747.1157178579833,16.60271904132995,197.32013844049325,3.798082668126869,8.28457368911314,,0,2026-09-03 06:33:50
2024-01-09 04:16:00,CNC-03,H,296.80266780159843,308.9897221239382,2319.8441377383774,20.41209296327555,33.67168613306538,2.8934525547380243,9.040938819735612,57.22936796850359,0,2026-09-03 06:33:50
2024-01-09 21:16:00,CNC-02,M,300.4541887737013,,2430.1236737137124,27.622893285464645,100.83749453401046,2.996093919233063,12.70748848948972,49.39533183126868,0,2026-09-03 06:33:50
2024-01-09 11:40:00,CNC-02,M,302.7950880198936,312.2557190084901,1547.659866477085,49.40558875043703,240.9853479455269,3.2854541915527213,14.211950958164229,48.343225071938,0,2026-09-03 06:33:50
2024-01-09 09:41:00,CNC-02,M,296.3720407780471,310.0843914157077,1461.7071973157188,45.48903639273661,53.83987469851784,2.1015892069251936,12.434553432539078,56.47428616716938,0,2026-09-03 06:33:50
2024-01-09 02:18:00,CNC-02,M,298.24401665930424,311.7560769434137,2601.7972369581776,22.034837580055616,176.56880167764916,3.558532758659056,10.917615121408298,55.38340173361852,0,2026-09-03 06:33:50
2024-01-09 23:53:00,CNC-01,L,299.7752561384284,312.0287164209604,2647.3419283683725,15.431432625038276,188.7400168891779,3.776284493561968,7.623454438741258,0.0,0,2026-09-03 06:33:50
2024-01-09 23:37:00,CNC-03,H,299.60866719936945,312.3370107919754,2693.5423521965195,17.413611452897907,204.12568252379128,3.8631958909010007,8.662759215597111,50.76326366802375,0,2026-09-03 06:33:50
2024-01-09 14:38:00,CNC-03,H,298.85145973886955,313.98363958493326,1629.779504048911,47.693812895796086,235.9098457467521,3.121863567226936,14.745284027535154,55.65681423684641,0,2026-09-03 06:33:50
2024-01-09 00:53:00,CNC-03,H,298.66524619728165,309.79982411246556,2716.655691496079,11.570411075630458,75.5952647874678,3.363659577553892,5.858655762457504,56.98834605089972,1,2026-09-03 06:33:50
2024-01-09 15:42:00,CNC-02,M,26.103464900115057,41.00654473295765,1650.3632322455642,45.71584028081217,129.4757712918895,2.3786071449404327,13.792066151438215,50.14865637735272,0,2026-09-03 06:33:50
2024-01-09 09:56:00,CNC-02,M,296.46855171894816,310.60007335277686,1530.877561621775,47.45799650557536,77.19148734978995,2.234201390916287,13.530456548740096,55.42681513629182,0,2026-09-03 06:33:50
2024-01-09 00:50:00,CNC-03,H,298.79525626796845,310.5257818361316,2735.478863738878,13.994594742239642,72.43741179927416,3.379737694505099,7.220019210216676,50.944486149609205,0,2026-09-03 06:33:50
2024-01-09 17:20:00,CNC-03,H,26.30325602595275,41.185955744255295,1957.0942825829507,36.61250041714744,212.16047076715284,30.943015056090132,13.54848226232757,56.63244194132654,0,2026-09-03 06:33:50
2024-01-09 17:32:00,CNC-03,H,26.478523631897133,41.531795194174265,2032.2825249329383,38.26760881007532,228.85038765294226,3.449577889353698,14.43365799847692,49.47128694495772,0,2026-09-03 06:33:50
2024-01-09 21:40:00,CNC-01,L,300.59622072640207,312.4953423399794,2667.867600371556,15.883552486592334,45.68580479352887,3.1373455948574387,7.768944915389185,49.129684197852534,0,2026-09-03 06:33:50
2024-01-09 03:47:00,CNC-03,H,297.51748583623925,312.20790718492117,2411.208312260367,27.231859372718315,268.8450534728712,4.326126449119853,12.544207295212018,58.278490205593975,0,2026-09-03 06:33:50
2024-01-09 03:08:00,CNC-02,M,297.57092200281676,311.86488089846495,2607.9761903040317,24.67708135264835,233.100805481993,4.185868095434365,11.672532047026994,52.99150843700384,0,2026-09-03 06:33:50
2024-01-09 10:11:00,CNC-02,M,296.4645705015827,310.71800118767334,1538.4958733386245,46.61603028393638,100.46657466804518,2.301628200640696,13.451310078438954,56.744599736906224,0,2026-09-03 06:33:50
2024-01-09 09:47:00,CNC-03,H,296.02814245212056,310.20096495559625,1392.3382820528727,51.118823636142515,47.80967208040932,2.0638971230232377,13.411420765062356,56.688510559883646,0,2026-09-03 06:33:50
2024-01-09 22:13:00,CNC-01,L,300.5446014107228,312.20748050864535,2668.027961600788,14.577173853923846,81.8230543414692,3.3814856391314887,7.3910229731518795,47.26936578703584,0,2026-09-03 06:33:50
2024-01-09 10:54:00,CNC-03,H,296.5443687367805,311.0788915425812,1480.898650696072,48.01449333443252,153.31331585420972,2.334409185318941,13.158106350754696,53.29062854036028,0,2026-09-03 06:33:50
2024-01-09 10:07:00,CNC-01,L,296.1397064572824,311.0309120375226,34459.78462014933,49.57976093543523,141.33969862845183,2.4178712084179725,14.074288779899664,59.04822708370966,0,2026-09-03 06:33:50
2024-01-09 03:39:00,CNC-01,L,296.8193201503693,309.3128915029213,2355.298305588806,21.795001535853977,57.572048760058536,2.938833012470793,9.492063739475109,57.90943609534888,0,2026-09-03 06:33:50
2024-01-09 00:13:00,CNC-01,L,299.0166079024559,309.5926407324886,2870.024833222605,10.65143069714309,20.949530867557403,3.4160770906656173,5.627267117829795,57.824642045581186,1,2026-09-03 06:33:50
2024-01-09 08:37:00,CNC-01,L,295.8410497111606,308.9337263704884,1575.0672283382155,40.408737291081906,3.004695130265678,2.199474702509082,11.829825392851454,61.28402055947253,0,2026-09-03 06:33:50
2024-01-09 17:09:00,CNC-03,H,26.793125581902416,41.86594695555567,1838.1176801131267,42.10614847034484,196.87708615568118,2.9428566511061702,14.561988455585016,49.19327391701439,0,2026-09-03 06:33:50
2024-01-09 21:40:00,CNC-03,H,305.47341709675175,311.83607557410295,2522.7622966703684,18.47740702406431,77.44794481148935,3.1768354343181997,8.797153315897612,38.50111315822668,0,2026-09-03 06:33:50
2024-01-09 19:16:00,CNC-02,M,300.6613936989221,315.4617658236116,2275.595258376253,30.284592958609554,213.2563004910655,3.622843371110574,12.83032545119726,50.21396897898951,0,2026-09-03 06:33:50
2024-01-09 20:42:00,CNC-02,M,300.28717513931826,313.90627039077685,2525.331897020589,23.153366065072973,62.19786221885412,121.28386672267656,10.878588080635467,50.844764635098535,0,2026-09-03 06:33:50
2024-01-09 00:36:00,CNC-01,L,298.70693626240825,310.8259600675727,2630.6276673559805,17.50696294587976,45.64723044305174,3.119795577389935,8.679737709369563,49.48812855394602,0,2026-09-03 06:33:50
2024-01-09 22:03:00,CNC-03,H,305.3979843292787,312.0002590243554,2662.00781533092,18.446583571792807,102.94314074835236,3.1467507213423267,9.068299489902868,41.10191454909281,0,2026-09-03 06:33:50
2024-01-09 09:16:00,CNC-03,H,296.1181111715299,309.8400401623781,1559.846694273567,46.01495844707494,0.0,2.1926526202493495,13.436524119319262,53.68722584754822,0,2026-09-03 06:33:50
2024-01-09 06:28:00,CNC-01,L,295.89678409771545,309.0956117702742,2024.2577357902283,30.13000622748187,53.38636123179524,2.5832724630777144,11.078024553490337,56.84307110975019,0,2026-09-03 06:33:50
2024-01-09 12:54:00,CNC-01,L,297.8327787920065,312.73906022331147,1404.138991205007,54.80830733295446,198.01199191821047,2.8176020629490766,0.0,53.68719599363698,0,2026-09-03 06:33:50
2024-01-09 22:52:00,CNC-01,L,300.393165790603,313.07014301462874,2501.2908843787122,19.552649126986978,124.0653721769273,,9.26564208402473,47.98937093130607,0,2026-09-03 06:33:50
2024-01-09 22:27:00,CNC-01,L,300.2755843737616,313.0047951281776,2628.8631038560416,20.13028186683215,96.9613524994719,3.3341922021249104,9.967665658874862,48.366520719489884,0,2026-09-03 06:33:50
2024-01-09 09:07:00,CNC-01,L,296.0914116965959,310.1246088392607,1469.7412899367,47.52653162916001,48.7600854343267,2.2792402691487887,13.156941883165691,56.75137088424036,0,2026-09-03 06:33:50
2024-01-09 08:09:08,CNC-03,H,296.14220740679843,311.2487640400201,1680.1497698454384,47.18552925731879,115.16534798538638,2.3913205370116466,14.820010557400499,58.42287082324767,0,2026-09-03 06:33:50
2024-01-09 11:28:00,CNC-03,H,297.0860578247229,311.9481932291102,1325.7806847655531,55.85480423622637,207.2210975496014,24.904603315392592,13.716901770407482,61.550886625467726,0,2026-09-03 06:33:50
2024-01-09 06:22:00,CNC-02,M,296.72191759305883,311.67885608979,2012.6232243974316,38.789216991832255,220.80498689677768,3.449254821109476,14.620682576305741,56.20176364337374,0,2026-09-03 06:33:50
2024-01-09 11:56:00,CNC-03,H,296.97110231286035,312.28810964856183,1402.8152199000365,54.03730968087151,251.43228315643884,3.07544901593392,14.259391260755072,54.17612492452677,1,2026-09-03 06:33:50
2024-01-09 10:57:00,CNC-01,L,296.70714599859167,310.7175770338285,1495.921674272737,47.67995552544964,12.64673453326731,2.142894822515765,13.425824864123891,55.96096738259028,0,2026-09-03 06:33:50
2024-01-09 14:40:00,CNC-03,H,298.7861725227779,314.3496890462849,1613.594826301407,50.88687468748491,239.03859704238883,3.1364787914311085,15.308748701847415,51.45985883891786,0,2026-09-03 06:33:50
2024-01-09 23:48:00,CNC-01,L,299.78416266401683,313.02297671702036,2694.6176220280136,19.279127218141426,183.50662688886695,3.94094618734076,9.611444127457663,47.412278940492676,0,2026-09-03 06:33:50
2024-01-09 13:47:00,CNC-02,M,298.2526832534025,313.23799095564993,1428.960950853063,52.16021993392729,192.74228323002885,2.6835931600942815,14.007489908883572,54.404209139322504,0,2026-09-03 06:33:50
2024-01-09 02:45:00,CNC-02,M,297.8569453486795,311.4593773007039,2545.2218413798537,22.212034810554144,206.80219831968702,3.8196662267826715,10.669203390846707,51.81130099720554,0,2026-09-03 06:33:50
2024-01-09 14:41:00,CNC-02,M,298.9133164229495,313.1890836395039,1588.1059917556347,45.74429296889109,37.25795876423032,2.2331000617891967,13.671741844070283,52.48407496799397,0,2026-09-03 06:33:50
2024-01-09 23:35:00,CNC-02,M,299.800472507029,313.6725971752711,2554.3626166396093,20.510265237338785,252.0744813520733,4.257247211952195,9.615449458861782,53.8514446702265,0,2026-09-03 06:33:50
2024-01-09 11:07:00,CNC-02,M,302.3412045876164,311.00944934943954,1391.113254400093,52.112730051820975,188.85497274008802,2.4738696032649217,13.393516557370118,47.55534165293963,0,2026-09-03 06:33:50
2024-01-09 09:57:00,CNC-02,M,296.54288624075,310.710047984063,1421.5849652849213,50.31215950825968,78.74956688351271,2.122010027103496,13.487675263071816,55.29638127348087,0,2026-09-03 06:33:50
2024-01-09 23:37:00,CNC-01,L,300.0837364033167,311.6327002425979,2783.3195419099184,11.662438953408994,171.77687534874275,3.83579464320114,6.006557751280502,49.840310677807224,1,2026-09-03 06:33:50
2024-01-09 11:39:00,CNC-01,L,296.96034242487127,311.7853613953598,1461.1694624950576,53.58198055812029,79.08504118707853,2.2554931053926124,14.659502598250487,59.04603585063328,0,2026-09-03 06:33:50
2024-01-09 13:31:00,CNC-03,H,298.20007354357017,,1426.2982498415827,52.449447854553696,131.63559899683364,2.2589134397966624,14.172856168805273,56.745209952918735,0,2026-09-03 06:33:50
2024-01-09 21:28:00,CNC-02,M,300.3007925941286,314.03427553365714,2526.7343332743417,23.717090726201207,114.34625483719748,3.273705084149441,11.152549232307557,51.33298333444711,0,2026-09-03 06:33:50
2024-01-09 00:00:00,CNC-02,M,298.97995288071445,310.302620707498,2872.1057470259075,12.092690998019101,28.396221737344728,3.387841320595332,6.723811965911818,52.367588816136625,0,2026-09-03 06:33:50
2024-01-09 11:20:00,CNC-03,H,296.85653142470875,311.8569351842165,1425.089012949984,54.260671976577854,194.49236185545425,2.609289447306596,14.566232320658624,59.60355474653314,0,2026-09-03 06:33:50
2024-01-09 04:57:16,CNC-03,H,296.7888635981256,309.37003496208644,2289.947773464396,23.260236111619893,83.12873671860922,2.9227381962556462,9.82034292655428,57.438106444892114,0,2026-09-03 06:33:50
2024-01-09 01:25:00,CNC-03,H,298.5057425310775,311.07359732435333,60736.78340777132,18.100720837766946,109.76123671231814,3.2432938351852387,8.97476324293314,54.96623902093444,0,2026-09-03 06:33:50
2024-01-09 03:36:00,CNC-02,M,297.3011316769126,308.9727661812487,2412.938696744467,17.9717848690671,11.57921914199287,3.033057721705238,8.284451385564335,57.2913953392308,0,2026-09-03 06:33:50
2024-01-09 01:05:00,CNC-03,H,298.7903598755623,311.94586036942246,2565.6719283716952,22.540177786058244,88.41948608095538,3.179393850896262,10.87405821846358,53.00392133236527,0,2026-09-03 06:33:50
2024-01-09 21:45:00,CNC-02,M,300.3144254378309,313.1451969217167,2515.5723577996564,18.844496503148964,133.2250781876131,3.218235951656758,8.785446944905567,54.04985230196995,0,2026-09-03 06:33:50
2024-01-09 06:21:00,CNC-03,H,296.0926344819822,310.9422271567474,2034.0573258699826,35.701280641806946,194.01319069384863,3.14239041994433,13.402962396561605,59.55925728023625,0,2026-09-03 06:33:50
2024-01-09 15:32:00,CNC-01,L,25.944366303503784,41.09373578432161,1456.4467274737276,52.369514442803435,214.29943053066899,3.1060518332551057,14.051482551294653,53.64392906754812,1,2026-09-03 06:33:50
2024-01-09 14:49:00,CNC-03,H,298.858377986779,314.0995905082786,1548.7313825888964,50.135643534701785,252.84104949338064,3.293355988728282,14.510420874929853,48.476496214796754,0,2026-09-03 06:33:50
2024-01-09 08:19:00,CNC-02,M,296.13354413887464,310.98246867480003,1594.982824575676,,157.9721687283973,2.5240735865343256,14.088832744342163,57.795962214728604,0,2026-09-03 06:33:50
2024-01-09 19:04:00,CNC-01,L,300.3360949389426,313.4694422877564,2289.380542594069,25.820438883394505,79.79607432459868,2.889242023812588,11.16215694373695,50.80326054141487,0,2026-09-03 06:33:50
2024-01-09 04:02:00,CNC-01,L,296.4793206849539,309.4826093718474,2464.4581709350346,22.67753343962623,85.08745482768157,3.015632160621589,10.43510078947047,59.38761958422174,0,2026-09-03 06:33:50
2024-01-09 04:30:00,CNC-01,L,296.2566643179588,309.49573358145284,2335.5946370150627,24.166700071356185,118.98549375792516,3.0834781359749988,10.529581968687422,58.41178483964077,0,2026-09-03 06:33:50
2024-01-09 10:27:00,CNC-03,H,296.48192858084695,310.86548971780496,1533.563310966155,46.99508172192862,110.70368571973495,2.1992773001541446,13.53036003685582,57.47827877536571,0,2026-09-03 06:33:50
2024-01-09 07:10:00,CNC-02,M,296.409695796465,310.3773832856056,1885.3701507447595,36.84722632527677,58.28355585682416,2.481144151544531,13.087996968325541,60.07258755006311,0,2026-09-03 06:33:50
2024-01-09 07:18:00,CNC-03,H,295.82597188945164,309.32854950438434,1981.798587145677,32.9287628760413,42.99513665655158,2.609350857899881,12.227018005358591,60.681562145074864,0,2026-09-03 06:33:50
2024-01-09 10:41:00,CNC-02,M,302.35701956644346,310.98280674504565,1396.171953079736,50.02964770278359,147.64054974342008,2.2432232930391187,13.154026979322941,47.049195139344796,0,2026-09-03 06:33:50
2024-01-09 09:41:00,CNC-01,L,296.12184922904896,310.2930156341382,1332.0641444269424,52.04461180658587,100.8020657355825,2.2308168425501482,13.058889671179756,61.94336181932731,0,2026-09-03 06:33:50
2024-01-09 10:24:00,CNC-03,H,296.4579482378734,310.6827366557227,1355.101245976501,51.641150803556435,106.03259050904661,2.0971129744562718,13.230141649675089,56.25731907880937,0,2026-09-03 06:33:50
2024-01-09 01:23:00,CNC-03,H,298.5279798981606,311.7557103886365,2670.3984347034116,21.650768755405213,107.6537872867284,3.276918931774992,11.021133192945742,54.2619201091691,0,2026-09-03 06:33:50
2024-01-09 04:28:00,CNC-02,M,297.263479437394,311.0196863302861,2362.331405572222,27.824764021197254,73.6872970371866,2.93925361824728,12.247234531637346,55.457544162401845,0,2026-09-03 06:33:50
2024-01-09 18:10:00,CNC-03,H,26.726230218573733,40.51518009798542,2006.773531258301,32.584668720338996,46.770521692272844,2.644664935267608,,50.969814353493014,0,2026-09-03 06:33:50
2024-01-09 18:05:00,CNC-01,L,27.39965637021993,40.703845098467355,2036.840106229204,31.756926589072894,3.8961916998295205,2.574337993148265,12.084816557367004,49.98080265640096,0,2026-09-03 06:33:50
2024-01-09 00:39:00,CNC-03,H,298.89061117894477,311.7526328606325,2658.034485584737,19.56325583185028,60.76622864216225,3.1973220382302197,9.632088584582556,50.574342919809325,0,2026-09-03 06:33:50
2024-01-09 03:12:00,CNC-03,H,297.7806668884674,311.42591433795326,2350.231857883808,25.257786332002475,228.6391791794132,3.6692223219230113,10.830476695711239,55.423849954382646,0,2026-09-03 06:33:50
2024-01-09 05:03:00,CNC-02,M,297.1901588459011,311.41913331845944,2272.0302675295857,30.289304256528062,117.01659275251014,2.9319488916050878,12.926659829095941,59.39751871773881,0,2026-09-03 06:33:50
2024-01-09 00:01:00,CNC-03,H,299.00668976682084,310.9326106760206,2669.8110138946877,16.198492877657184,20.403404994135023,3.2108430903095138,8.221503033021268,55.00867637314454,0,2026-09-03 06:33:50
2024-01-09 23:48:09,CNC-02,M,,310.7071933963522,2750.5294254814885,11.227213010194104,10.633802204147358,3.367838556171341,5.847034671079674,52.76454725942778,1,2026-09-03 06:33:50
2024-01-09 08:01:00,CNC-02,M,296.2033098273484,310.6421942822168,1686.4040650626046,44.273518407797084,131.3572435046885,2.501190070976287,14.044845435000834,60.55213613210342,0,2026-09-03 06:33:50
2024-01-09 05:26:00,CNC-01,L,301.8012809519545,310.4413795048632,2072.7595191614273,,189.22162708923491,3.2838296834164247,13.122432121388876,49.20967022829195,0,2026-09-03 06:33:50
2024-01-09 16:16:00,CNC-01,L,26.38818704587385,40.78261429562946,1821.1812065121474,41.401449179315726,52.67883364852093,2.4322777853682225,14.043413680208548,51.03693850874418,0,2026-09-03 06:33:50
2024-01-09 15:05:27,CNC-03,H,299.0038936405941,313.0426559288545,1606.255177748326,44.33416455706523,15.19774263455994,2.289672505031348,13.522315777167863,52.463213466148105,0,2026-09-03 06:33:50
2024-01-09 22:23:00,CNC-03,H,305.3218651988905,312.2098739383877,2562.9841209688466,20.64200710301539,124.79867797793025,3.261985389714323,9.815248148333902,42.42619488560685,0,2026-09-03 06:33:50
2024-01-09 02:14:00,CNC-02,M,298.2428799906624,310.3774195347519,2750.686133243623,14.29183050455709,172.12477163007802,3.699538699961307,7.149776140192836,55.61862995875711,0,2026-09-03 06:33:50
2024-01-09 03:15:00,CNC-03,H,297.7400548880027,0.0,2672.7486425238094,20.314668076118938,232.1071809750556,4.019817166603286,10.171512880255712,58.53043158426627,0,2026-09-03 06:33:50
2024-01-09 08:22:00,CNC-03,H,295.69852343745237,309.8834603576831,1534.7541555892678,44.15410180750812,135.92245784531917,2.396730216727449,12.583414610813795,57.19078478995708,0,2026-09-03 06:33:50
2024-01-09 15:48:00,CNC-02,M,25.944406841087925,40.575970153036735,1737.4481476069595,41.42146172464758,138.34991188225825,2.688905468545114,13.311525647401629,53.277806750324864,0,2026-09-03 06:33:50
2024-01-09 14:01:59,CNC-01,L,298.48717071198223,312.2452903321215,1424.1017392014473,48.32316880744746,78.36645546719268,2.1119274298204624,12.516794397329278,52.83950024515613,0,2026-09-03 06:33:50
2024-01-09 17:11:00,CNC-02,M,26.75182051301556,40.96642235140553,1931.1908542385486,35.87133398100121,48.98328554435524,25.427504061288584,12.949159422210023,52.082415581984506,0,2026-09-03 06:33:50
2024-01-09 03:54:00,CNC-01,L,296.6471371431868,309.87094272802074,2337.629501226749,25.322928617545724,75.55958289160442,2.9725270302041022,11.121380578872657,57.58182081910404,0,2026-09-03 06:33:50
2024-01-09 09:10:00,CNC-03,H,296.26832864376007,311.2018846259079,1537.2312238775432,49.17928371026188,208.22928162237832,2.84057711577293,14.346843909038709,56.317482684809036,0,2026-09-03 06:33:50
2024-01-09 04:50:00,CNC-02,M,296.95293750492885,310.3778045257603,2298.682442091912,26.86301293149039,100.74545015704668,2.9061714353236527,11.364498300835663,52.99952274616631,0,2026-09-03 06:33:50
2024-01-09 17:21:00,CNC-02,M,27.051424218641444,40.99158564870936,2109.0100672511703,31.919228802857518,62.82010715151823,2.7585884565946035,12.686505611919586,48.05310910693359,0,2026-09-03 06:33:50
2024-01-09 20:55:00,CNC-02,M,300.21507936077484,313.16063811164804,2586.283641013996,19.168757402473062,76.99136844142633,3.1013228056417135,9.169124447996712,49.94027200915652,0,2026-09-03 06:33:50
2024-01-09 22:46:00,CNC-03,H,305.26054851277314,311.381274196688,2745.828464286932,15.066993865680683,149.66435744394454,3.4484847561266103,8.019087960394808,41.90352933617499,0,2026-09-03 06:33:50
2024-01-09 13:06:00,CNC-01,L,298.1677921986048,312.9613541185746,1328.4018306699538,55.25152254259077,217.04811720583598,3.0193418347427334,13.975395374854028,55.14990020039732,1,2026-09-03 06:33:50
2024-01-09 15:36:00,CNC-01,L,26.11453792551123,41.49002608856148,1702.097438939495,46.106493382495216,220.28693514137186,3.338904198780606,14.77038979828847,51.475611274531815,0,2026-09-03 06:33:50
2024-01-09 15:02:00,CNC-01,L,298.68306363179175,313.13065127726315,1544.1121184354895,46.082004524918815,169.12272937971284,2.6528226248821913,13.646026083128342,51.10663258786588,0,2026-09-03 06:33:50
2024-01-09 05:47:00,CNC-03,H,295.9541997345979,310.22122645718736,1868.2413781230239,36.86545104319715,148.4897807825659,2.744032784885138,12.948539388150204,59.79984213520521,0,2026-09-03 06:33:50
2024-01-09 05:49:00,CNC-03,H,296.352203881292,311.07769832595875,2057.1979479701595,35.78220046399727,151.16321653859367,2.8392147690013494,13.667625276191936,54.32715908668523,0,2026-09-03 06:33:50
2024-01-09 22:32:00,CNC-03,H,305.43949307918854,311.6894325882519,2766.2262375270675,15.648169385854562,134.62206050810178,3.42305265670356,8.136169523539833,41.506057141425664,0,2026-09-03 06:33:50
2024-01-09 15:06:00,CNC-01,L,298.6731633474482,313.57142002996795,1586.8015080514783,48.461933688074794,175.1336770634173,2.771308557546579,14.365472879018986,56.35183780346108,0,2026-09-03 06:33:50
2024-01-09 05:10:00,CNC-01,L,301.8481620421433,310.3215364384907,2191.810818474435,32.90681193279785,168.67502123779116,3.2169762267407926,13.175056590797382,45.66459725611832,0,2026-09-03 06:33:50
2024-01-09 03:48:00,CNC-02,M,297.9386233846033,310.38691662629515,2600.881651388887,19.381696216753525,25.708869336268727,3.221091163671925,9.398442301909382,58.28698594632212,0,2026-09-03 06:33:50
2024-01-09 11:21:00,CNC-03,H,296.8229407099113,311.9799883166816,1473.3969237701983,53.55385550310932,196.08050259589223,2.6663272610052595,14.528991591743567,54.92874643025525,0,2026-09-03 06:33:50
2024-01-09 09:45:00,CNC-02,M,296.3393288401701,310.18548230187497,1500.986284988855,44.80858880742501,60.09401990145502,2.11992969119961,12.55894364932771,2294.9227389686325,0,2026-09-03 06:33:50
2024-01-09 08:11:00,CNC-03,H,295.94726063591395,310.945705356905,1678.2001907295032,47.403862326185795,119.57781797464975,2.4863284029818633,14.803268517483415,61.23904362968984,0,2026-09-03 06:33:50
2024-01-09 00:38:00,CNC-01,L,298.863302832151,310.6604673267588,2601.180990327235,17.34940328498502,47.801233922088606,,8.227596232038001,55.51068154105706,0,2026-09-03 06:33:50
2024-01-09 21:17:00,CNC-03,H,300.03436671733675,312.3522617359421,2511.237643689409,19.137891289330256,51.663611936947206,3.0883283576937,9.023710393803244,50.80647541929526,0,2026-09-03 06:33:50
2024-01-09 16:44:00,CNC-02,M,299.815366774071,313.8630855399838,1719.384662213241,39.38813137321136,11.303172639182597,2.3653338694913173,12.726746327071805,51.639029781047384,0,2026-09-03 06:33:50
2024-01-09 17:15:00,CNC-01,L,26.655050565377223,40.57735321118395,1991.8405768375294,32.65792993929738,136.15114955391846,2.8300953518908885,12.109731414575682,50.651545988551234,0,2026-09-03 06:33:50
2024-01-09 11:29:00,CNC-01,L,297.23173383102875,311.50118045898756,1399.1144181480026,51.20193340647907,63.20397089325195,2.106944510484184,13.689570167725908,57.35888094323605,0,2026-09-03 06:33:50
2024-01-09 22:55:00,CNC-01,L,300.47108234179217,312.89725397202335,2793.82116550276,16.70764550784724,127.30557000326914,3.5497016959890133,8.665496396195053,49.83681856869795,0,2026-09-03 06:33:50
2024-01-09 10:08:00,CNC-01,L,296.27792748616366,310.5391228820392,1300.1055896943058,52.94627884636387,142.93969862845182,2.1816084315120423,13.035925883797997,57.608248686462865,0,2026-09-03 06:33:50
2024-01-09 20:09:00,CNC-01,L,300.55911934097065,314.030259369076,2416.3102907609446,24.43623746151202,159.08171862840678,3.2032863384773695,10.863908028849439,50.723110583883994,0,2026-09-03 06:33:50
2024-01-09 05:23:00,CNC-02,M,296.49583042253767,310.2871730143119,2050.436019660697,30.40078258406832,142.64556807005178,2.877688671877454,11.639138130903397,57.52368994307913,0,2026-09-03 06:33:50
2024-01-09 21:13:00,CNC-03,H,299.8848235440749,312.5566361140198,2537.286900256158,20.249072018378577,47.10538825986659,3.1569052116263734,9.658009053002717,54.152740635992714,0,2026-09-03 06:33:50
2024-01-09 02:08:00,CNC-03,H,297.97230320241135,311.1600913045938,2615.5175389979936,21.129844807808652,156.6306774438099,3.380224659535566,10.547229034361127,59.93700395459237,0,2026-09-03 06:33:50
2024-01-09 17:55:00,CNC-02,M,27.098539304890892,41.82890138943975,2049.696945638933,35.01574283161614,108.94904734115559,2.712578338372974,13.598889252874324,49.910213295401675,0,2026-09-03 06:33:50
2024-01-09 12:44:00,CNC-03,H,297.7903195557339,311.74352260496454,1445.7838124994032,47.0517436772172,57.204214779931235,2.106749494847959,12.783730120464291,55.48955658210525,0,2026-09-03 06:33:50
2024-01-09 18:03:00,CNC-01,L,27.1119812329066,40.823191665999275,2071.155413970521,32.93791824503999,1.314671579528023,107.07539907586981,12.939382669036119,51.37819250484884,0,2026-09-03 06:33:50
2024-01-09 13:53:00,CNC-03,H,298.2964017651138,312.6548790302702,1400.1083123806152,49.384138417797026,166.1923769747487,2.3188157865584866,12.904516869825327,54.70441951280875,0,2026-09-03 06:33:50
2024-01-09 22:41:00,CNC-01,L,300.5990993720825,312.65634491520916,2704.8038845245114,15.959255983055344,112.01996277500233,3.304971896308084,7.930105585510187,52.295211091902004,0,2026-09-03 06:33:50
2024-01-09 00:49:00,CNC-01,L,298.5450146043925,311.0514360467187,2579.102443297442,19.671335419101663,59.57096260879201,3.1564091835016175,9.273992241280203,51.11454057498346,0,2026-09-03 06:33:50
2024-01-09 23:24:00,CNC-01,L,300.05777411346884,311.6911140244917,2863.154349912125,11.849578350584558,158.15234189705063,3.67915199529002,6.459366249024231,47.222651690224815,0,2026-09-03 06:33:50
2024-01-09 04:12:00,CNC-03,H,296.8178743851667,309.71964012213937,2178.7621710642748,26.23857549974128,28.832692085222583,2.7337035761252304,10.693186015061457,57.85908180608645,0,2026-09-03 06:33:50
2024-01-09 02:09:00,CNC-03,H,298.2210173707195,311.25400997524514,2642.7363382033686,19.692242512732403,157.71992975260713,132.2396212429595,9.618392916322879,52.161564208211075,0,2026-09-03 06:33:50
2024-01-09 17:11:00,CNC-01,L,26.82572535946389,41.10832459113584,1862.2551742497294,37.948498259957674,130.66003690220762,2.6938255591466174,13.255714790255691,54.998977353777235,0,2026-09-03 06:33:50
2024-01-09 10:46:00,CNC-01,L,296.5903261340781,311.33724230645123,1365.821274789039,52.93015501838275,202.66091041219107,2.8414027436114275,13.314203387663527,56.69855875896101,0,2026-09-03 06:33:50
2024-01-09 19:45:00,CNC-03,H,300.5969387403195,314.126382902598,2507.6236211590476,23.770138477625974,166.86968369684055,3.3788668434211906,10.997124945809697,53.88071132890564,0,2026-09-03 06:33:50
2024-01-09 08:25:00,CNC-02,M,296.22383329908666,311.14480873358013,1573.7080018090896,46.03382747269479,166.99149380496058,2.5804334574659897,13.675925328376335,60.4530183561633,0,2026-09-03 06:33:50
2024-01-09 08:20:00,CNC-01,L,295.9288685901532,310.92745697138713,1642.9782733623606,45.43889237031601,213.16528771976726,3.1897809384824147,14.090522610354832,56.8358304500755,0,2026-09-03 06:33:50
2024-01-09 20:44:00,CNC-02,M,300.23936640585083,312.9060193790928,2501.635515838883,20.368249720823304,64.52566648338116,3.024119646933763,9.72613994089102,48.18153527358719,0,2026-09-03 06:33:50
2024-01-09 21:53:00,CNC-01,L,300.5431411619328,313.62345835820577,2545.570021739658,22.380809140064105,60.04130158927622,3.122015179910312,10.70421892560833,50.89826678786285,0,2026-09-03 06:33:50
2024-01-09 08:32:00,CNC-01,L,295.663189364774,310.3613649317226,1512.7511648135578,46.6561302607843,231.13048674390603,3.3581302896724714,13.09192295125523,57.87790652505925,0,2026-09-03 06:33:50
2024-01-09 21:49:00,CNC-01,L,300.39463592191845,312.1277606999313,2677.260253051079,14.750503948920983,,3.2117866394417183,7.189721672091716,53.97406867959109,0,2026-09-03 06:33:50
2024-01-09 11:31:00,CNC-03,H,296.920096316249,311.04250546276455,1312.7817044812823,50.00735388109954,211.9996958646154,,12.293427236970608,56.81457679628539,0,2026-09-03 06:33:50
2024-01-09 10:39:00,CNC-02,M,302.2164917816707,310.54774350728735,1305.3337796421881,51.273547122659146,144.4405497434201,2.133397991734192,12.282621486726349,46.784345862028715,1,2026-09-03 06:33:50
2024-01-09 23:48:00,CNC-03,H,299.6259348851019,313.0462584285906,2662.2427855248307,20.667971292909456,215.88907775217072,3.7144426450458323,10.377521461212114,52.88136262565524,0,2026-09-03 06:33:50
2024-01-09 06:55:00,CNC-03,H,295.7232344787032,308.7651356930003,2127.989047999209,27.86784106808265,10.88376217392597,2.7004349312525604,10.990374467316466,62.09527090724857,0,2026-09-03 06:33:50
2024-01-09 08:31:00,CNC-03,H,296.0915223005418,310.72770750036204,1603.295549695912,46.54169311098864,149.33723652564024,2.543606089418552,13.801980774043894,59.74229015103594,0,2026-09-03 06:33:50
2024-01-09 17:26:00,CNC-01,L,26.692030208138135,41.27602672836224,1903.0766044865288,38.68474081182368,151.32780125185096,2.93843792243442,13.518534207985455,53.15040405555019,0,2026-09-03 06:33:50
2024-01-09 00:39:00,CNC-01,L,298.6824606849738,311.52752685925907,2654.264900921956,21.18014603819096,48.88130191129991,3.1507691261270265,10.398677881778873,53.95104039822948,0,2026-09-03 06:33:50
2024-01-09 09:40:00,CNC-03,H,296.32396113954997,310.4045407195025,1408.4452743633653,50.27352431863869,36.89531655635749,1.9499270786328748,13.492710898970206,60.83292294720377,0,2026-09-03 06:33:50
2024-01-09 00:40:00,CNC-01,L,299.012531723673,310.9950704721466,2598.430648730251,16.458143785717358,49.97445605365789,3.197533369065243,8.26735179190784,49.13452414282726,0,2026-09-03 06:33:50
2024-01-09 04:06:00,CNC-01,L,296.81917425473193,309.97307532932535,2433.652863658505,23.82474205064708,89.90548824396262,2.9830860274714146,10.873741747059807,57.66691543494752,0,2026-09-03 06:33:50
2024-01-09 13:35:00,CNC-02,M,298.23279437194066,313.34034604838075,1401.7028503069328,54.373056476976885,173.93315208551732,2.466689507792502,14.259057926034497,52.16130268338266,0,2026-09-03 06:33:50
2024-01-09 07:26:00,CNC-02,M,296.29155462434716,310.1987117960912,1714.704507573337,38.947133488203285,80.84545104024545,2.404654036174348,12.618182967598795,59.82581721790791,0,2026-09-03 06:33:50
2024-01-09 03:02:00,CNC-01,L,297.16020932080954,309.9608962278595,2693.8016012973553,21.02704553446598,14.675014037801626,3.2731510227471854,10.652289822468303,54.03726613651988,0,2026-09-03 06:33:50
2024-01-09 19:46:00,CNC-02,M,300.5926800686513,315.7471465183151,2390.036278104457,29.81523988945803,249.7973500635469,4.219780052254999,13.480208689185512,55.13985790532969,0,2026-09-03 06:33:50
2024-01-09 04:12:00,CNC-02,M,297.3327713179159,310.9439215606805,2368.877442514605,26.308880632712302,54.46180222134958,2.9499372617455504,11.639799313877207,56.33063778993359,0,2026-09-03 06:33:50
2024-01-09 10:49:00,CNC-03,H,296.30451448801267,310.50315242366923,1331.8962408880445,52.10426073292117,145.43070609538913,2.226384162517602,13.088332869590214,58.18461042245967,0,2026-09-03 06:33:50
2024-01-09 10:34:00,CNC-01,L,296.85898276397904,311.3097139064305,1359.2339160091433,51.456861436412815,183.74708332816832,2.583746024958719,13.327590224950352,56.71659540358933,0,2026-09-03 06:33:50
2024-01-09 20:50:00,CNC-02,M,300.52502495468406,314.0407041553223,2371.3681615295272,24.576681304557848,71.35699423652714,2.898418613102711,10.631252493739664,50.988802024449626,0,2026-09-03 06:33:50
2024-01-09 20:59:00,CNC-03,H,299.9277501886317,312.0215371321454,2459.1953952767235,18.986889097441445,31.190488217101734,3.0272132556710907,8.924399631603771,50.28336562798339,0,2026-09-03 06:33:50
2024-01-09 04:59:00,CNC-01,L,301.79473626491307,309.30930015839476,2256.654908513598,26.17574013651495,154.76984561343414,3.145129563990732,11.101152054944055,51.50167790973282,0,2026-09-03 06:33:50
2024-01-09 12:36:00,CNC-03,H,297.66314083846606,311.38682071348177,1362.9758454230118,48.73980177567417,44.495989358318035,20.18338393086415,12.3177890802918,57.76287974648163,0,2026-09-03 06:33:50
2024-01-09 14:46:00,CNC-02,M,298.80230761312873,312.79453122830563,1465.9297061372747,47.89228128966028,44.96298701506079,2.1816863996849816,12.890775150239442,50.89796405505072,0,2026-09-03 06:33:50
2024-01-09 23:38:00,CNC-02,M,299.32170009090447,313.61498048681807,2642.4185514020437,22.185995640848294,255.23597121709992,4.557160275062026,11.21510906432555,56.10359196917364,0,2026-09-03 06:33:50
2024-01-09 02:39:00,CNC-01,L,297.5273758415159,310.065337428464,2553.8510179875566,17.13153930607828,179.62411221814355,3.7459750165840613,8.117929103629363,56.14494586688274,0,2026-09-03 06:33:50
2024-01-09 07:33:00,CNC-01,L,295.8660619381258,310.4998237047634,1687.6031635387903,43.73608513308269,144.58825766996543,2.655923667108811,13.742832119003461,55.62170206108176,0,2026-09-03 06:33:50
2024-01-09 00:44:13,CNC-01,L,298.89005045154715,310.5775148681922,2754.83102107719,15.0794839900995,54.20899868047272,3.2697995877680706,7.720792458713319,56.23662657602452,0,2026-09-03 06:33:50
2024-01-09 18:19:00,CNC-03,H,300.03354504644375,313.95863173871487,2137.3550111189984,32.91538034821896,58.49504740721035,2.7153264365222163,13.18590952172172,51.108961892698126,0,2026-09-03 06:33:50
2024-01-09 02:21:00,CNC-02,M,298.1654059777126,312.55591976173423,2534.6334180116123,27.98356007231269,179.94197964059845,3.5499434192756105,13.315468687789865,53.400868000165424,0,2026-09-03 06:33:50
2024-01-09 16:10:00,CNC-02,M,26.090912924892734,41.614110928739194,1825.4623241487034,44.88927482034327,170.53183301901055,2.848127541152308,15.34482702884371,51.89138315327925,0,2026-09-03 06:33:50
2024-01-09 00:47:00,CNC-03,H,298.71830189828154,310.60065831753764,2671.445720274836,15.565228925787299,69.28887173536872,30.493208229653515,7.917807806585017,54.957076952293576,0,2026-09-03 06:33:50
2024-01-09 08:14:00,CNC-03,H,295.87021179285995,310.1250838794217,1635.974483086303,42.84716668835496,123.96233841856485,2.3563745263719973,13.036824008515596,56.99909876707471,0,2026-09-03 06:33:50
2024-01-09 04:30:00,CNC-03,H,296.49043878518114,309.9046383862611,2365.4251576105466,25.732468152045893,50.67481121529106,2.89686858886397,11.523163400186865,57.2659170436982,0,2026-09-03 06:33:50
2024-01-09 11:53:00,CNC-02,M,302.786652677445,310.45060412702884,1414.289960255734,46.55890840023824,12.760224585728213,2.1366540648279577,12.4180220966672,47.20299844348886,0,2026-09-03 06:33:50
2024-01-09 02:36:00,CNC-02,M,297.8926550176945,312.02168227883595,2490.503585329201,26.168667340061628,196.5745475510935,3.6144247202363013,11.99088837784902,58.07844774473368,0,2026-09-03 06:33:50
2024-01-09 15:55:00,CNC-02,M,26.3920815786625,40.74271796632979,1690.6658775194987,40.269856906864675,148.7072924149753,2.486813016527845,12.378129922883772,50.129930577222595,0,2026-09-03 06:33:50
2024-01-09 15:16:00,CNC-01,L,25.691568945699657,40.39239446550715,1497.5528267041152,49.06148939588084,190.3978799648911,2.8516780818829113,13.947853857878039,52.436541018079055,0,2026-09-03 06:33:50
2024-01-09 22:06:00,CNC-02,M,300.0055573530449,313.63169535240564,2604.8760951964214,22.137457953957046,156.30357477190068,3.4155701385973525,10.742077424892729,51.67727049444323,0,2026-09-03 06:33:50
2024-01-09 01:54:00,CNC-03,H,298.4196156952331,311.4002274090388,2735.2195571777143,19.073587086019188,141.25421971274844,3.405841640820888,9.583495783319998,54.00780202984619,0,2026-09-03 06:33:50
2024-01-09 21:24:00,CNC-03,H,300.2209718101981,312.85465755302675,2554.211830007641,20.971492665664314,59.50761316430888,30.082717213343855,10.273506737439941,49.712715939887715,0,2026-09-03 06:33:50
2024-01-09 00:36:00,CNC-02,M,299.1227841829666,310.3939794190463,2702.2542143127807,13.125787100236714,66.58970848793777,3.2470040563896005,6.916946615439533,48.65067566527857,0,2026-09-03 06:33:50
2024-01-09 03:25:00,CNC-02,M,297.8233640471398,312.44423834622114,2318.908509739613,28.637570518070426,252.7633796582893,4.194050059339815,12.456070675609697,56.09820954177466,0,2026-09-03 06:33:50
2024-01-09 14:04:00,CNC-02,M,298.52300607343955,313.9642475439906,1518.1010581088199,51.74200884072381,219.4547861829956,2.921535400899889,14.55791543894827,57.62368686644428,0,2026-09-03 06:33:50
2024-01-09 03:24:00,CNC-01,L,296.8922298564875,310.0592056767931,2538.3826282830387,23.14235502890061,40.02839579712523,3.0519173988358186,11.076053959577404,56.051433694042125,0,2026-09-03 06:33:50
2024-01-09 22:30:00,CNC-02,M,299.9099925261166,312.8907762564236,2608.8595321053767,18.345715272143696,182.32727279497186,3.482479797915001,8.850373086268371,52.869328244485374,0,2026-09-03 06:33:50
2024-01-09 09:30:00,CNC-01,L,296.1501496721451,310.15491926102976,,46.44048490878416,,2.229281108409984,13.234204658877664,56.114587775531035,0,2026-09-03 06:33:50
2024-01-09 10:25:00,CNC-01,L,296.5090809791311,311.43135059773385,1601.2980520520846,48.44821518128835,169.56754144857692,2.6847293632510087,14.560792406970627,51.10567474507985,0,2026-09-03 06:33:50
2024-01-09 16:02:00,CNC-03,H,26.40032221652524,40.521318315666974,1621.098088329157,42.96172057259016,101.40944837786903,2.4434040480050228,13.353374599120693,48.702772772906066,0,2026-09-03 06:33:50
2024-01-09 13:45:00,CNC-02,M,298.24358308950934,313.01226728984494,1437.3512539891256,50.89101286808206,189.6047968191045,2.637961008217222,13.921282937446652,54.44931390429403,0,2026-09-03 06:33:50
2024-01-09 17:30:00,CNC-02,M,27.093648515430232,41.189163482278616,1973.890947566857,34.55307702751754,75.1410273486933,2.5553885904092284,12.954625171647063,50.977790567004284,0,2026-09-03 06:33:50
2024-01-09 12:19:00,CNC-01,L,297.7626511949723,312.1099760331372,1370.2354077907735,52.29498326950023,142.61793530528604,2.3047095694358357,13.32251116073484,54.60566835436251,0,2026-09-03 06:33:50
2024-01-09 05:05:00,CNC-01,L,301.69730771643503,310.47940039718867,2068.303718556946,36.092523183921706,162.41426355546247,3.0704364764650887,13.649751611828865,45.26071190619854,0,2026-09-03 06:33:50
2024-01-09 20:36:00,CNC-03,H,300.0734518906787,312.3631055230774,2567.7377710965584,19.748601167470653,4.581676342271269,3.128634617369797,9.661355682015287,53.50056728693161,0,2026-09-03 06:33:50
2024-01-09 14:30:00,CNC-01,L,298.57655570751626,313.0464956350138,1500.276493582477,49.37884836689389,120.1621414317208,2.246952169183148,13.87695871327339,54.10874593653589,0,2026-09-03 06:33:50
2024-01-09 01:42:00,CNC-01,L,298.3731037032876,310.38044332679823,2608.356287743518,15.578021513467803,116.94338314308193,3.317588198175693,0.0,55.70967799012854,0,2026-09-03 06:33:50
2024-01-09 22:34:00,CNC-03,H,305.24123482189634,312.811834403454,2674.085026572574,22.85793373303632,136.84141370304067,33.00021744722968,11.76326773369747,43.14331451370287,0,2026-09-03 06:33:50
2024-01-09 00:03:00,CNC-02,M,299.09957772657947,310.7349759123762,2694.6243867055828,14.476231288979015,31.585957081717368,3.2732869897941086,7.157557690481502,50.225821437358896,0,2026-09-03 06:33:50
2024-01-09 10:53:00,CNC-03,H,296.5759529997787,311.2269610589265,1414.2605195044966,52.365189771365316,151.77059885652517,2.2757605670395415,13.971032839483032,62.758894096052465,0,2026-09-03 06:33:50
2024-01-09 22:40:00,CNC-01,L,300.43119672679154,312.50885510606474,2640.6959426836966,16.13363346769648,110.94658566767966,3.394924231957549,8.112115164487744,53.09629125752312,0,2026-09-03 06:33:50
2024-01-09 22:02:00,CNC-01,L,300.794472854496,312.86147353614945,2653.037341181504,16.32805048116221,69.91420315914299,3.1784246453806158,7.946275896706415,50.251278132993434,0,2026-09-03 06:33:50
2024-01-09 06:41:00,CNC-01,L,295.9140417096561,309.94538321202856,1853.184563538279,37.26436572021926,71.30006001709256,2.539931428098652,13.061936970281064,58.39876314756806,0,2026-09-03 06:33:50
2024-01-09 18:29:00,CNC-03,H,300.0651251128676,313.62233151693067,2195.0691682426627,29.82343894594568,71.46218939077552,2.755007015746656,12.376247584276097,48.31115185348287,0,2026-09-03 06:33:50
2024-01-09 18:17:00,CNC-01,L,300.3939176252473,313.6560896269306,2069.408699335703,31.029346254197602,19.805283819747235,2.6944655155438273,11.972101007823953,52.278886376699816,0,2026-09-03 06:33:50
2024-01-09 21:21:00,CNC-03,H,300.0182050593294,313.30031386456267,2509.805968694738,23.85348588879659,,3.0453763223412187,11.45985257267862,49.55650012971175,0,2026-09-03 06:33:50
2024-01-09 22:14:00,CNC-03,H,305.7905315484026,313.0549747302885,2622.331826722111,20.933654026811546,115.08080349815947,3.297426854231372,10.201971806017585,39.634804053958895,0,2026-09-03 06:33:50
2024-01-09 01:38:00,CNC-03,H,298.453655466101,310.69800143335584,2694.439184750759,16.30490339868742,123.71621491878788,3.4285393183166715,7.930025383829269,56.489574384625314,0,2026-09-03 06:33:50
2024-01-09 00:25:00,CNC-02,M,298.7223003800909,310.896351695333,2701.3124731047915,15.592239630692331,54.99252377951887,3.3465452742620965,7.801804347133673,51.53401373020399,0,2026-09-03 06:33:50
2024-01-09 18:40:00,CNC-01,L,300.6274158860235,314.1063425787162,2117.3675933296668,30.41075134960347,49.41621042537995,27.08514746008531,11.998284448820892,50.151839846478794,0,2026-09-03 06:33:50
2024-01-09 14:55:00,CNC-03,H,,312.3625925045111,1520.2731921786096,46.849524046035576,1.559919142086631,2.1771935126648247,13.258042523479444,56.710935658655906,0,2026-09-03 06:33:50
2024-01-09 20:34:00,CNC-01,L,300.67721899762876,314.05431278482973,2473.943887041407,22.448049298861548,188.4256594928382,3.6030232172048016,10.060876995737866,49.068053852249676,0,2026-09-03 06:33:50
2024-01-09 04:13:00,CNC-02,M,297.1183450797953,310.8073593381138,2356.8833437549656,28.40559315683206,55.67354852944578,2.8768952191829453,12.532189311848516,56.38888120188524,0,2026-09-03 06:33:50
2024-01-09 05:49:00,CNC-02,M,296.9706236871254,312.0016996987244,1992.8685031995383,38.16293855891643,176.5490754807854,3.0352203382195477,14.179293492132892,61.78413340194802,0,2026-09-03 06:33:50
2024-01-09 00:24:00,CNC-03,H,298.641955023731,310.58950859162337,2607.6030891189125,16.58836729499592,44.829244816893926,3.1891284237355157,8.072740316426913,53.95417392571148,0,2026-09-03 06:33:50
2024-01-09 18:17:00,CNC-03,H,299.85205651708714,313.5845569685261,2043.2776566389562,32.85108583967352,55.88657057887824,2.6424362758180084,12.536534821305223,52.2076489978453,0,2026-09-03 06:33:50
2024-01-09 19:55:00,CNC-01,L,300.6206240958789,314.12969951166014,2215.9690987572026,27.041417834936826,142.3208672543886,3.153407011530852,11.023837535537192,50.97441731271722,0,2026-09-03 06:33:50
2024-01-09 01:52:00,CNC-03,H,298.62919969024216,312.17600233899566,2631.0824172702505,23.39667244063271,139.06902694903968,3.3797277231906486,11.435754622696303,55.67944524935657,0,2026-09-03 06:33:50
2024-01-09 03:58:00,CNC-01,L,296.7112507099634,309.60389484882955,2278.938104041777,24.82890360358277,80.3449581985882,2.7852695824690703,10.76735658912577,57.50291546252052,0,2026-09-03 06:33:50
2024-01-09 13:06:00,CNC-02,M,297.69475998821343,312.1724517139085,1291.6882348663376,51.92446866529394,128.18223206468573,2.182553224387562,12.406076573299181,52.386725541070405,0,2026-09-03 06:33:50
2024-01-09 12:21:00,CNC-01,L,297.87994403684763,312.38587707553773,1364.9076467861992,53.41490143630859,145.80935874012462,2.3354224987272745,13.775045185449844,54.25460326034867,0,2026-09-03 06:33:50
2024-01-09 08:46:00,CNC-03,H,295.65815520249595,310.2007904173593,1498.8467458255145,48.52588278065887,171.7567679911454,2.49911618687222,13.707902847217053,58.67595284201233,0,2026-09-03 06:33:50
2024-01-09 01:21:00,CNC-01,L,298.2280366338608,311.3889502245147,2524.2434628228043,22.11130645801818,94.09060490252787,3.1987105227866386,10.453810651919703,56.232569705668844,0,2026-09-03 06:33:50
2024-01-09 13:51:00,CNC-01,L,298.1068913022313,311.7827059145496,1452.1747260555442,45.77792587007426,59.6319556193178,2.1509438924751496,12.685048119675972,53.87927520112869,0,2026-09-03 06:33:50
2024-01-09 08:35:00,CNC-01,L,295.71078010356734,309.4276058801267,1724.572077195896,40.549688396778855,0.0,2.4947375288662093,12.97695830180995,61.85903992007688,0,2026-09-03 06:33:50
2024-01-09 12:33:00,CNC-01,L,297.85861802263713,312.43693519136997,1389.29408323301,52.374126007262745,164.75936147932305,2.5229342743973655,13.627273655885153,55.350223288616206,0,2026-09-03 06:33:50
2024-01-09 07:08:00,CNC-02,M,296.4254375786069,310.7635547431406,1902.1305406056852,39.79903055543145,55.52151277319709,2.449196143915465,14.291985230042007,57.43304538354974,0,2026-09-03 06:33:50
2024-01-09 13:56:00,CNC-02,M,298.5112435775456,313.8024202370392,1531.1044927704831,51.88240843938748,206.8840423002844,2.8330475315194037,14.856284183547572,57.542564833809536,0,2026-09-03 06:33:50
2024-01-09 19:23:00,CNC-02,M,300.6824891928291,315.0343508251416,2395.3529010907964,26.58908919722336,221.73905532267167,3.7711564178110595,11.785415278219144,47.215796557259075,0,2026-09-03 06:33:50
2024-01-09 12:31:00,CNC-01,L,297.61482602509886,312.1784636125255,1394.4123010971432,53.531066020454105,161.5825800278349,2.413972421475343,13.89148711749147,56.84548963509868,0,2026-09-03 06:33:50
2024-01-09 20:55:00,CNC-01,L,300.3887559707016,314.3710598000984,2411.1158333295302,25.607796475852176,212.84872605627476,3.8916592085802715,11.454085226463768,48.52627993992762,0,2026-09-03 06:33:50
2024-01-09 03:38:00,CNC-03,H,297.2830418030691,312.02677589236083,2494.651829696904,27.94198813415705,258.3689472287866,4.22413258182176,13.014831148767934,57.65942318852032,0,2026-09-03 06:33:50
2024-01-09 19:48:00,CNC-02,M,300.71269539772675,314.86978143136423,2261.0120900286574,26.949782778990887,252.26605028187743,4.060949768589417,11.42057511475758,51.4145219694122,0,2026-09-03 06:33:50
2024-01-09 07:45:00,CNC-01,L,295.8518062286392,310.36404440023773,1734.9458375719496,40.74271134717458,161.86889497051757,2.747124657468464,13.209674952243788,59.999518481477004,0,2026-09-03 06:33:50
2024-01-09 10:32:00,CNC-03,H,296.6056480684333,310.6237076741185,1367.9506279192367,50.12566182836482,118.66699763460691,2.2533510220029243,12.954639269423248,52.50648084190624,0,2026-09-03 06:33:50
2024-01-09 08:24:00,CNC-02,M,296.4275666886843,311.56416038140424,1559.943401642564,48.90199358759231,165.47113915729773,2.629396300358061,14.203635388596064,57.23235895883443,0,2026-09-03 06:33:50
2024-01-09 04:26:00,CNC-01,L,296.35402032686466,309.3045897747991,2409.507902902829,21.461607352966723,114.08322559285916,3.1015196625037458,9.58913179153299,55.6156795746362,0,2026-09-03 06:33:50
2024-01-09 01:08:00,CNC-03,H,298.35144961296083,310.4626588747905,2669.002551871088,16.41339915650086,91.65534585778147,3.2548878497762113,8.209571919277819,54.47360436625298,0,2026-09-03 06:33:50
2024-01-09 02:00:00,CNC-02,M,298.5580412808289,311.7563883306984,2652.010593093943,19.836853160986536,156.660745354095,3.4870471252027824,9.563391126985135,55.81844725823369,0,2026-09-03 06:33:50
2024-01-09 22:36:00,CNC-02,M,299.96263523645973,313.4790975257525,2682.9183913727675,19.421909488253856,188.80391128305794,3.752996712348492,9.876345985407614,53.44080395598852,0,2026-09-03 06:33:50
2024-01-09 03:31:00,CNC-03,H,297.4230662634651,312.4171995425291,2370.150826535001,31.35605515585974,250.4005991359585,3.9611577867760923,13.987058468515588,56.127815556763395,0,2026-09-03 06:33:50
2024-01-09 15:18:00,CNC-03,H,25.525765574986565,39.48669082182988,1799.775058504595,38.67212037210005,36.272789308559226,2.447201589622055,13.271505314955421,50.55261377172477,0,2026-09-03 06:33:50
2024-01-09 11:14:00,CNC-02,M,302.6815888494384,311.07729481431534,1364.5431098210215,49.44065831029194,199.91752141920438,2.6555655245193264,12.610365936664328,48.90411404466545,1,2026-09-03 06:33:50
2024-01-09 21:37:00,CNC-02,M,300.3655794180846,313.7919334820459,2565.497306019254,20.842772996281166,124.47447141951437,3.1765950463845884,10.077787964206204,47.08201357340516,0,2026-09-03 06:33:50
2024-01-09 04:04:33,CNC-02,M,297.1882823747871,310.39901087907555,2428.1332609625574,24.671947833594203,47.286716148880124,3.008186607490108,11.495541674471834,55.381627172042826,0,2026-09-03 06:33:50
2024-01-09 11:12:00,CNC-01,L,297.1590207135319,311.1683754610425,1389.6720745763444,50.628984068373136,36.27832602535348,2.082435268833957,12.903619537371098,61.8055205629253,0,2026-09-03 06:33:50
2024-01-09 22:30:00,CNC-01,L,300.5793172382562,312.9650791716727,2662.2607377887116,16.87144705075591,100.15448792552108,3.3591878223871494,8.340240153264295,53.005108258238884,0,2026-09-03 06:33:50
2024-01-09 11:30:00,CNC-01,L,297.06235369564934,311.2902764700655,1453.7981715112899,50.13991958404997,64.78501448038867,2.131089678529578,13.472857784661782,57.47005032589951,0,2026-09-03 06:33:50
2024-01-09 18:26:00,CNC-01,L,300.2917383234497,313.4962271712813,2119.6814175001887,28.928995945608975,31.226135056122956,2.719029129205892,11.566194550927305,52.16819691707693,0,2026-09-03 06:33:50
2024-01-09 02:16:00,CNC-03,H,298.01047343293203,311.0989314097367,2754.152271358746,19.114383765179728,165.40710452354415,3.564980312280714,9.70266535387645,53.32805491077253,0,2026-09-03 06:33:50
2024-01-09 16:11:00,CNC-02,M,26.312462296855472,41.499605456045,1725.5956571516012,44.56503294350873,171.98362269596805,2.7523820830477925,13.979270693736197,49.359457005416864,0,2026-09-03 06:33:50
2024-01-09 03:39:00,CNC-03,H,297.28087163370975,311.3505496732526,2507.8153205995804,23.789190809061985,259.51058529733194,4.307152025154003,10.940798001681795,57.67340654433483,0,2026-09-03 06:33:50
2024-01-09 14:47:00,CNC-02,M,298.60202705524944,312.77975919002495,1309.3269542581447,53.36551848601206,46.556639801426144,2.0030884630465997,13.03373651167435,50.852922378444795,0,2026-09-03 06:33:50
2024-01-09 20:37:00,CNC-03,H,300.0796205480726,312.35086098284785,2457.706392136776,19.834391374688327,5.73275104199006,30.151153700388555,9.275927344769096,50.05754417912265,0,2026-09-03 06:33:50
2024-01-09 13:18:00,CNC-02,M,297.7834641764755,312.32994603176246,1430.3696220812176,49.493508188439066,147.04213285091149,2.2964854173127223,13.026554024112892,54.703658933877854,0,2026-09-03 06:33:50
2024-01-09 17:06:00,CNC-03,H,26.823399879002295,41.89080780905152,2077.2731978723855,37.25656653921987,192.64214599368643,3.1621663100834363,14.424476894147935,56.135840936895825,0,2026-09-03 06:33:50
2024-01-09 03:43:32,CNC-01,L,296.763153181953,309.86759425384304,2279.127595327105,24.80907914255167,63.54628015786604,2.836340858237966,10.649471079355676,57.22336873787433,0,2026-09-03 06:33:50
2024-01-09 05:28:00,CNC-01,L,301.6889510608968,310.56925303559905,2104.611331098486,35.482238168725004,191.7773354595524,3.4545380528053453,14.035288996149923,45.48837216249256,0,2026-09-03 06:33:50
2024-01-09 19:41:00,CNC-03,H,300.8333383099757,314.33287328135066,2353.880558567792,24.94135647597616,162.1090853687829,3.1863489038045163,11.231786785573867,48.54646844017869,0,2026-09-03 06:33:50
2024-01-09 20:46:00,CNC-03,H,299.8520752503296,311.9698779557594,2318.0607906411965,19.988867721837252,16.21056555111495,2.8796873227906423,8.563636788189887,53.25331413527096,0,2026-09-03 06:33:50
2024-01-09 13:56:00,CNC-03,H,298.1736155816927,313.10069753505365,1352.716032681317,55.59995865373531,170.89507455145713,2.2826809829373707,13.932398240096155,55.82693228325367,0,2026-09-03 06:33:50
2024-01-09 13:38:26,CNC-01,L,,312.79208835533507,1465.2431388427847,50.8896770810853,37.744754189135165,2.1717902121593675,13.768198248470245,53.8017094265453,0,2026-09-03 06:33:50
2024-01-09 05:17:00,CNC-01,L,301.2104825574243,309.9792596887902,2149.2475880505003,33.634005324237116,177.51459689954544,3.2642804856608825,13.815564401061796,48.616844327797295,0,2026-09-03 06:33:50
2024-01-09 17:17:00,CNC-03,H,26.838973487825456,42.171015195978896,1824.67105717368,43.00466175297483,207.97838004909326,2.9727750286658097,14.667357754941845,49.3976682489372,0,2026-09-03 06:33:50
2024-01-09 22:54:00,CNC-02,M,299.95144925879697,313.8301335444396,2618.8636855827012,21.97853376592102,208.1578934650419,3.800577951739618,10.795569551923624,53.14093715123183,0,2026-09-03 06:33:50
2024-01-09 11:33:00,CNC-02,M,302.68171987373285,312.0758301879427,1548.9383744609595,50.319438785583216,229.97396620701258,3.1272359918969173,14.641354801605154,47.5541489593646,0,2026-09-03 06:33:50
2024-01-09 18:04:00,CNC-01,L,27.29931282303056,40.4524159545694,2159.5925877396057,28.668382955199036,2.5823174081407143,27.869438642017478,11.801254834669415,49.23766708436178,0,2026-09-03 06:33:50
2024-01-09 11:52:00,CNC-03,H,297.2302386099714,311.7983886115094,1301.4382720834435,51.1810768861318,245.145106952308,2.9684643981133454,12.552651041471925,56.05908403518498,0,2026-09-03 06:33:50
2024-01-09 09:53:00,CNC-03,H,295.7681023667841,309.6009037263936,1416.0131235748104,49.40283644573452,57.22227241550527,2.0648127016906153,13.153588352308292,64.06513903757129,0,2026-09-03 06:33:50
2024-01-09 22:30:19,CNC-01,L,300.44551928875285,312.51616412294754,2703.5936881226958,15.950461678349237,,3.2129566581503917,7.702760858755393,51.40352572585187,0,2026-09-03 06:33:50
2024-01-09 22:19:00,CNC-02,M,300.14696509465244,,2700.138112914039,17.617207324144843,170.41031219891107,3.5360314403078057,8.745498390279163,54.170881656433004,0,2026-09-03 06:33:50
2024-01-09 17:50:34,CNC-03,H,26.48926482518715,40.17648932670522,1999.4504460359906,33.77468619771969,21.44369817358649,2.6484111892791975,12.432395023575507,54.12278040418493,0,2026-09-03 06:33:50
2024-01-09 19:21:00,CNC-02,M,300.29591150436323,314.433186521232,2456.3239309464057,23.670685419197785,219.3349863365677,38.32565701758284,10.73627129535187,49.896191570869505,0,2026-09-03 06:33:50
2024-01-09 14:19:00,CNC-01,L,298.3835866940519,313.41116371854366,1594.026087814491,48.883667988647105,103.32334926885275,2.2853515358560403,14.49921116758707,56.78070983390905,0,2026-09-03 06:33:50
2024-01-09 01:31:00,CNC-02,M,298.8664408579348,311.31904837437884,2602.574082478202,17.428159079715492,125.5044256058851,3.258311069890462,8.490097511057144,54.522986402615935,0,2026-09-03 06:33:50
2024-01-09 07:59:00,CNC-02,M,296.3944506848747,310.71579845801836,1676.7308979780187,41.70826918356613,1650.2866497471223,2.502261991896972,12.872764765141902,57.52049718755433,0,2026-09-03 06:33:50
2024-01-09 20:01:00,CNC-03,H,300.4253811801157,314.02527290439366,2354.9111226391083,24.377221502160417,186.2277222962674,3.378221854536051,10.97121361385593,47.332844748058655,0,2026-09-03 06:33:50
2024-01-09 20:17:00,CNC-03,H,300.3702363104311,313.82805783228486,2367.489447933062,23.391228331244168,205.00684873088096,3.5423628724534355,10.794381649746258,57.83840752882462,0,2026-09-03 06:33:50
2024-01-09 16:28:00,CNC-01,L,299.6362237863644,314.04376991257163,1791.7041709780933,39.79519607719267,69.83800663498407,2.4274394948485316,13.14860098793087,50.45898436604296,0,2026-09-03 06:33:50
2024-01-09 16:06:00,CNC-02,M,26.459445261896576,41.446803905923844,1745.8455462907712,43.0305293026707,164.7111123185672,2.7761727267794027,14.00038568751909,53.73087250595903,0,2026-09-03 06:33:50
2024-01-09 20:09:00,CNC-03,H,300.61063476782857,314.04431004690736,2468.36497764024,21.994167079263754,195.66229520206687,3.5463704801020213,10.03869687821664,50.234858126377425,0,2026-09-03 06:33:50
2024-01-09 19:53:00,CNC-01,L,300.61745835774724,315.1495866940253,2357.445729128832,30.16114949251729,139.8925711408034,3.1491572840917494,13.568595287173862,50.89569650845149,0,2026-09-03 06:33:50
2024-01-09 13:49:00,CNC-02,M,298.17804748325915,312.96798650025227,,47.55285070949686,195.89501688116306,2.7589304525095644,13.215522366858833,56.26025905750036,0,2026-09-03 06:33:50
2024-01-09 02:17:00,CNC-02,M,298.47061220982,312.1684519667204,2588.0848060393,22.057680746012036,175.43855771615003,3.500994989077562,10.700529455076238,52.69598760960592,0,2026-09-03 06:33:50
2024-01-09 21:10:00,CNC-02,M,300.2040585856826,312.70479887569417,2734.333070223117,15.702811373726439,93.93958462560741,3.306814074910228,7.966299341397496,51.66393968588679,0,2026-09-03 06:33:50
2024-01-09 03:46:00,CNC-03,H,296.9834139600414,310.8036759516855,2302.727960066128,24.251127493917213,267.6630006071586,4.036164395601262,10.403101869431604,56.66327248229775,0,2026-09-03 06:33:50
2024-01-09 10:46:00,CNC-03,H,296.60545309134807,310.96964606559317,1379.3005984716663,52.54106332772834,140.67753218127845,2.219481972396232,13.559218455239227,57.5818519749194,0,2026-09-03 06:33:50
2024-01-09 20:51:00,CNC-03,H,300.2202587830466,313.1319980927736,2371.646589862282,23.84019979802254,22.014640999900497,2.965024313785597,10.492534243216145,49.26370740488403,0,2026-09-03 06:33:50
2024-01-09 02:06:00,CNC-03,H,298.07171231744655,310.78057600511073,2642.403893485314,17.744197408512825,154.3405705787226,3.4543136801845447,8.968231661146627,55.81398817097757,0,2026-09-03 06:33:50
2024-01-09 01:33:00,CNC-03,H,298.2657960253033,311.7519900680774,2614.539594738387,22.80938859531815,118.36747116156987,3.263565200552291,11.09632244947109,52.99010131929472,0,2026-09-03 06:33:50
2024-01-09 17:22:00,CNC-01,L,26.893157440715584,41.04581780661687,1880.8624101262194,36.131474438193145,145.8489429209531,2.7664327931047623,12.712387537828315,51.541091466594615,0,2026-09-03 06:33:50
2024-01-09 01:46:00,CNC-01,L,298.0735534954055,311.2431703197365,2559.8964641455646,20.95246530064387,121.26875946630925,3.253125000013325,10.12290177400192,59.23205708556021,0,2026-09-03 06:33:50
2024-01-09 12:19:00,CNC-02,M,297.32684720747426,311.6126363879818,1438.4311323702605,48.232778730303366,53.880004702603834,2.111475263376457,13.11383091950595,55.69745083233717,0,2026-09-03 06:33:50
2024-01-09 22:51:00,CNC-03,H,305.4266491704762,311.8595266072679,2672.543038740385,17.875970333993248,155.03085362238608,3.408900258368984,9.160399283209754,43.19242555670558,0,2026-09-03 06:33:50
2024-01-09 07:51:14,CNC-01,L,295.8058904171812,310.6955699467051,1741.5121475276985,44.171449925134006,170.53743638877842,2.8024611137168347,14.147163017499183,62.281741461629096,0,2026-09-03 06:33:50
2024-01-09 03:34:00,CNC-02,M,297.4820560840219,310.26585044577877,2431.2287119064213,22.153255516632694,9.256491265076349,29.613887420943733,9.991062799110024,54.076520687887815,0,2026-09-03 06:33:50
2024-01-09 09:46:00,CNC-02,M,296.45778493061744,310.56353604852524,1429.9626339349295,49.972662121982374,61.65375809349688,2.1135808646729854,13.436158022925119,61.74369663080248,0,2026-09-03 06:33:50
2024-01-09 01:26:00,CNC-01,L,298.36754088247386,310.8532153051689,2583.427477293086,18.466166103501294,99.51247481388141,3.1892336542474955,8.928906419146886,55.81153820464229,0,2026-09-03 06:33:50
2024-01-09 19:30:00,CNC-01,L,300.7301768965282,314.5771011822012,2409.337051912959,25.927364788267177,112.09471958616535,3.166051776103199,11.490843816730523,51.51974884433472,0,2026-09-03 06:33:50
2024-01-09 10:59:00,CNC-02,M,302.31765576779674,311.1949670720939,1332.0979829761375,57.39725362894803,176.1678294969651,2.3501718588559006,14.04649718860029,42.52661589469616,0,2026-09-03 06:33:50
2024-01-09 00:14:00,CNC-01,L,298.5713896947744,310.01372191185715,2557.9287687492215,15.314647360363127,22.051594610903027,120.08877886068949,7.2591251898438784,57.12244678612397,0,2026-09-03 06:33:50
2024-01-09 08:46:00,CNC-02,M,296.2152393309247,311.4841049349533,1550.2999212702753,50.539710645541525,198.78809900427777,2.8087480366633746,14.553137499384412,55.911366471481514,0,2026-09-03 06:33:50
2024-01-09 03:05:00,CNC-01,L,297.218676581532,309.7242685089272,2402.7856436396323,21.87715643770013,18.145764252593413,2.876173888823632,9.87575387406457,55.79358480098642,0,2026-09-03 06:33:50
2024-01-09 05:37:00,CNC-01,L,301.4308161020867,310.2754469994875,2150.003872862497,36.27774587636583,203.27356556841073,3.4977777362039317,14.457963733549175,48.0440485461128,0,2026-09-03 06:33:50
2024-01-09 16:56:10,CNC-02,M,299.73327667290096,313.3345986295354,1947.2418310473377,34.58868548380737,26.86250836200935,2.5896426567779143,12.77832201860071,53.26239327796063,0,2026-09-03 06:33:50
2024-01-09 06:39:00,CNC-01,L,296.0400207692662,310.2159151471689,2003.861054170914,35.55820335706482,68.5359783163482,2.635751213906119,13.262427180331287,57.71807292461873,0,2026-09-03 06:33:50
2024-01-09 02:26:00,CNC-02,M,298.2744899389793,311.2188038985722,2595.801716652419,19.959188065352784,185.48472481345442,3.688080486639895,9.595496517676194,51.796823036572725,0,2026-09-03 06:33:50
2024-01-09 11:09:00,CNC-03,H,296.83184574411416,311.1709464496279,1427.1875182090128,49.1849289569028,177.04551275565214,2.4462992057790833,13.347552289732805,55.21481392499637,0,2026-09-03 06:33:50
2024-01-09 14:44:00,CNC-01,L,298.5048504936738,313.0669746432955,1620.9350294091848,43.632981084878836,141.67499212815244,2.601730630219646,13.1743726609666,51.34384186208051,0,2026-09-03 06:33:50
2024-01-09 00:09:00,CNC-02,M,298.661004663612,310.8532076620339,2656.0365361971335,17.955100371529607,37.9479730120083,3.1759446274304484,8.838895876211117,57.572689315415424,0,2026-09-03 06:33:50
2024-01-09 19:49:00,CNC-02,M,300.3864139155815,313.6125113773784,2327.587540833633,24.784197750244733,0.0,2.9409819333722775,10.995124538763047,50.473794557512996,0,2026-09-03 06:33:50
2024-01-09 10:08:00,CNC-03,H,296.19687153437786,310.48571611421517,1419.3227928061444,51.911074681317,80.75489022154979,2.0480450421642957,13.719212489364102,57.21292840203823,0,2026-09-03 06:33:50
2024-01-09 01:57:00,CNC-03,H,298.34105758094927,310.75358169723796,2713.814538580491,16.85503534808407,144.46291805192251,3.449817979924099,8.664429592939277,53.080886039106126,0,2026-09-03 06:33:50
2024-01-09 22:43:00,CNC-03,H,305.4649848937953,312.25525994073195,2631.1507963429885,19.22341732953799,146.50293889325354,3.4051374078168295,,44.07770568752171,0,2026-09-03 06:33:50
2024-01-09 12:55:00,CNC-02,M,297.80510836120084,312.4259419714438,1454.6329873039203,51.21726757485012,110.82646785943253,2.167974187380619,14.231370409904025,54.054161956482346,0,2026-09-03 06:33:50
2024-01-09 15:50:00,CNC-01,L,26.352166464000504,40.636712293140135,1656.8398959149636,44.544112846528705,14.802208857812452,2.246307077831653,0.0,51.68919378017526,0,2026-09-03 06:33:50
2024-01-09 14:27:00,CNC-01,L,298.27491497570264,312.6351436561614,1582.9186593031577,45.698540205537014,115.54267328404049,2.3726715642259046,13.208857740339432,53.377508570983814,0,2026-09-03 06:33:50
2024-01-09 03:06:00,CNC-02,M,297.75352721128166,312.3550319812617,2374.7176312749266,29.276815856243985,230.80640115004036,3.804570450616945,13.148299946806148,53.69165088821727,0,2026-09-03 06:33:50
2024-01-09 13:23:00,CNC-01,L,298.05529611814654,311.71658108653696,1470.9825870520206,45.60268689420447,15.726155502864675,2.1146285162874983,12.642215756882127,55.85047256190632,0,2026-09-03 06:33:50
2024-01-09 20:35:00,CNC-01,L,300.36283283024505,314.0969240834146,2385.220842467828,25.376749721520866,189.62293594583073,3.5635611538045477,11.527196469167697,47.74096661550528,0,2026-09-03 06:33:50
2024-01-09 15:31:00,CNC-01,L,25.944113472964034,41.13390827226948,1775.4128212085143,44.3178849633763,212.75442814287774,3.221394292550629,14.433336369488295,50.16090815062528,0,2026-09-03 06:33:50
2024-01-09 01:20:00,CNC-02,M,298.8697212227899,311.4763523105906,2696.424629179986,17.903228894440083,113.56616697236618,3.3751817804756667,8.903791564774524,51.81900237104236,0,2026-09-03 06:33:50
2024-01-09 04:04:00,CNC-03,H,297.16318040639374,310.03542084880155,2356.875975553857,23.367234787465595,19.08726436101154,2.907614729520352,10.251906438977938,57.78092576565216,0,2026-09-03 06:33:50
2024-01-09 22:24:00,CNC-03,H,305.54792034361566,311.832820879561,2705.2798605636594,16.980879878530963,125.8638393213376,3.3093364434899906,8.303299825728407,40.80925693911879,0,2026-09-03 06:33:50
2024-01-09 21:59:00,CNC-02,M,300.34712943946454,313.3579309276366,2747.109578561531,17.148790793967805,148.72343433775916,3.5289167438945976,8.964954198119754,52.92303174034338,0,2026-09-03 06:33:50
2024-01-09 15:44:00,CNC-02,M,26.269798478820462,40.92155143045579,1564.5680833983029,45.05764984620382,132.45730007157937,2.380603896649141,13.108641855248575,50.77029654261475,0,2026-09-03 06:33:50
2024-01-09 08:32:00,CNC-02,M,296.1185127204015,310.6896037518348,1624.6755071906666,44.789053941203534,177.51220247960939,2.630713345027367,13.650797576315007,55.72636222892056,0,2026-09-03 06:33:50
2024-01-09 21:52:00,CNC-01,L,300.75084496695524,313.0576080814164,2548.5137993123244,19.965039285877772,58.92977877807165,3.057797897551945,9.437804604069374,50.84001758890368,0,2026-09-03 06:33:50
2024-01-09 00:13:00,CNC-02,M,298.80270030867104,309.4204783778984,2742.9273525156996,9.20189492128408,42.15863568028272,3.216777590020065,4.627445804276835,54.86112861713033,1,2026-09-03 06:33:50
2024-01-09 00:46:00,CNC-02,M,298.924852965845,310.8693700153194,2727.83979875748,14.628878059533546,77.04437262383422,3.331128439476308,7.413320742284837,56.27466141317948,0,2026-09-03 06:33:50
2024-01-09 19:53:00,CNC-02,M,300.5623597616655,313.26590605379687,2225.16054219913,23.95084022757899,4.8487325906593695,2.841962400000715,9.85110413838799,52.47386720842182,0,2026-09-03 06:33:50
2024-01-09 03:39:00,CNC-02,M,297.33752813379607,310.4781418523741,2362.5602536061524,26.12535471074055,15.158655653145738,2.9337559227447594,11.555331772418947,56.45572216514767,0,2026-09-03 06:33:50
2024-01-09 02:04:00,CNC-03,H,298.4060168234297,311.5340205353084,2432.0249718804494,21.832430430150616,152.17202615445333,3.2685365374834934,10.00197490405366,57.52660545250566,0,2026-09-03 06:33:50
2024-01-09 01:18:00,CNC-03,H,298.4308140886802,309.7721185836244,2813.95133077603,11.863631812166721,102.30740842209164,3.3960312131157204,6.03574521971636,53.82475883471121,1,2026-09-03 06:33:50
2024-01-09 01:37:00,CNC-01,L,298.31739742750847,311.7655052014834,2709.0800395079896,22.29955841923568,111.53188732783953,3.423117283436535,11.592749799328514,55.772876793271166,0,2026-09-03 06:33:50
2024-01-09 00:28:21,CNC-02,M,298.85125680868987,310.668195058354,2708.64212982353,15.77800619855761,59.16554803662688,3.22010122962315,7.911813077554534,55.758571275129725,0,2026-09-03 06:33:50
2024-01-09 08:42:00,CNC-01,L,295.9544043669221,310.23378398015507,1594.9141167181458,47.73868098125828,10.599873385032902,21.817145106553486,14.275325270322128,58.57113854460524,0,2026-09-03 06:33:50
2024-01-09 23:19:00,CNC-01,L,300.13094434817407,312.37211740920765,2795.6597648007164,15.052996256640702,152.87583876099347,3.5926312988116758,7.862503906194896,53.2519610823058,0,2026-09-03 06:33:50
2024-01-09 23:22:00,CNC-02,M,299.79385407427645,314.29274089572317,2559.4424259820703,24.10708336668289,238.17665988319325,4.175110104929732,11.452633082340313,51.43769562049631,0,2026-09-03 06:33:50
2024-01-09 04:24:00,CNC-01,L,296.1834458535981,310.2544035872995,2250.7299660309145,30.35127862889144,111.67023518334987,3.0957054445519057,12.884509362217331,61.67953330201789,0,2026-09-03 06:33:50
2024-01-09 10:23:00,CNC-01,L,296.7553932070932,311.26668068386215,1477.7467037038932,49.21436705394953,166.44796395071484,2.5048192062864243,13.512173881512755,55.20300957114644,0,2026-09-03 06:33:50
2024-01-09 19:19:00,CNC-02,M,300.55808327967156,315.6275059040563,2261.998375758869,33.27332364991697,216.93983175431882,,14.23372142691843,50.21821020444207,0,2026-09-03 06:33:50
2024-01-09 15:43:00,CNC-01,L,25.939041567548202,39.95230754013238,1739.2885016188504,41.756267830867685,4.4483159519663795,2.4609565422364006,13.64003781054198,44.736402850799585,0,2026-09-03 06:33:50
2024-01-09 20:48:00,CNC-02,M,300.4944841892464,313.3752568591736,2489.576367938556,20.49885995616285,69.02067539479057,3.1199481827373132,9.56652214598531,48.84495440187805,0,2026-09-03 06:33:50
2024-01-09 18:29:16,CNC-02,M,300.16973347815355,314.7283226562046,2159.189403480954,32.23792120143595,155.03079588173762,3.13548358955941,13.141503239107807,51.49126071403589,0,2026-09-03 06:33:50
2024-01-09 17:57:00,CNC-01,L,27.268043861513434,42.26326862639104,1958.4339474653807,39.061227177245286,193.28822611229418,3.33969286547613,14.42376067299789,47.712582482907095,0,2026-09-03 06:33:50
2024-01-09 11:37:00,CNC-02,M,302.49804075843093,311.13654104412194,1262.4847063209643,53.69219527499115,236.2472464692212,3.0472042260098853,12.629150206235499,45.862105961661214,1,2026-09-03 06:33:50
2024-01-09 10:53:00,CNC-01,L,296.629204535008,310.3919351578699,1387.6791255779267,50.01930240541591,6.33740021827332,2.0551212646150954,12.943579737416838,56.62458233734041,0,2026-09-03 06:33:50
2024-01-09 22:02:00,CNC-02,M,300.43042237931314,313.14537351005214,2669.8851436551354,16.547034187750597,151.99924868990712,3.458701616960471,8.081774935742837,53.3531413616764,0,2026-09-03 06:33:50
2024-01-09 14:33:00,CNC-02,M,298.6826562240962,312.77929412702065,1472.8090906833238,47.20361237873692,24.883746481318173,2.02373293676742,12.865170332268843,52.177815821122635,0,2026-09-03 06:33:50
2024-01-09 03:50:00,CNC-02,M,297.6044285627897,309.98648218662134,2388.202273291305,19.59302931853262,28.0538510169058,2.870282603638654,8.74169952960841,63.197321893761085,0,2026-09-03 06:33:50
2024-01-09 00:50:00,CNC-01,L,298.88384085091275,309.9468130924781,2771.8860576423854,11.896093538332005,60.60227960819669,3.2661252101729974,6.042226887238322,54.12866097121002,1,2026-09-03 06:33:50
2024-01-09 05:34:00,CNC-02,M,296.8983711948231,311.31838404761163,2055.4414159180724,34.740681365737125,156.97907652022525,2.920701358860352,13.657043889813362,57.19957084273584,0,2026-09-03 06:33:50
2024-01-09 23:36:00,CNC-03,H,300.0323787797934,313.2258960282221,2565.2498520938266,19.88377767617559,203.0503789026251,3.6867587205182715,9.354008447710736,51.17613225249769,0,2026-09-03 06:33:50
2024-01-09 17:20:00,CNC-02,M,26.999172464300955,41.26992664727658,2104.772711425628,34.029219106193004,61.50305417543937,,13.058602389705031,53.278226476326346,0,2026-09-03 06:33:50
2024-01-09 03:34:00,CNC-03,H,297.5632994741672,311.97972609326956,2446.6827874606615,25.554544375788723,253.81608091664856,4.076067412532355,11.611744122970503,52.93981532976743,0,2026-09-03 06:33:50
2024-01-09 02:37:00,CNC-01,L,297.54874950801803,310.8739901587975,2590.5371342324925,20.436784673650113,177.41906010762182,3.6169549996826373,9.850771019314232,59.41999116439351,0,2026-09-03 06:33:50
2024-01-09 21:00:00,CNC-01,L,300.77403352475955,313.4154981865744,2563.9854705868925,20.830018923054848,1.1218228623750692,3.0277124395096093,10.172254834478224,49.76700079399151,0,2026-09-03 06:33:50
2024-01-09 17:50:00,CNC-02,M,27.198027216244384,41.61818488204767,1955.739695623806,36.59879773994227,102.25187212654612,2.582054353372666,13.402719651057636,50.03183761549054,0,2026-09-03 06:33:50
2024-01-09 11:50:00,CNC-02,M,302.50426293328087,310.17342965859825,1313.3555039368248,50.01324782894922,7.995585136505646,1.9878757488266616,12.261582553751603,50.51714500239922,1,2026-09-03 06:33:50
2024-01-09 17:16:00,CNC-01,L,26.98453498061457,41.33349839409817,1955.11712474955,35.87775865605675,137.488785844893,2.8448580885671775,13.097080461596581,51.29598099379396,0,2026-09-03 06:33:50
2024-01-09 16:43:00,CNC-02,M,299.6088360499738,313.2379391553541,1942.300045740188,33.273759713513044,9.863269142994533,2.5267010243744843,11.941204864162453,55.84678218568984,0,2026-09-03 06:33:50
2024-01-09 09:44:00,CNC-03,H,296.1716759831312,310.29218020732014,1414.5133262739082,51.880949209585054,43.136383018164075,2.0652716215279923,13.866707570117766,56.73351396305767,0,2026-09-03 06:33:50
2024-01-09 12:59:00,CNC-02,M,297.7253615906021,312.2082692471463,1382.8810536749386,52.539132727880634,117.06983668753116,2.2447467273547246,13.517881880413682,55.67908190491224,0,2026-09-03 06:33:50
2024-01-09 15:45:00,CNC-03,H,25.80920446605319,40.037676409563744,1404.23255873494,51.80689418140588,76.57663449541212,2.174310255122913,13.369257449802758,49.78055292931696,0,2026-09-03 06:33:50
2024-01-09 02:09:00,CNC-01,L,297.1601843535418,310.1352784562751,2705.2826052404976,18.753292920191065,146.33497400640246,3.628313795559816,9.336326211335127,58.044131239179066,0,2026-09-03 06:33:50
2024-01-09 11:53:00,CNC-01,L,297.421930477756,10094.680290165184,0.0,50.867242846828944,101.38090562874338,2.120151321225986,13.43271168411923,57.85092767585102,0,2026-09-03 06:33:50
2024-01-09 19:58:00,CNC-02,M,300.7187785460154,314.087806685671,2319.372036392454,,10.749149978633733,2.855034732266564,10.773737984919217,51.527521639657934,0,2026-09-03 06:33:50
2024-01-09 15:08:00,CNC-01,L,298.76674487625587,314.2579747784687,1682.9765352186316,49.60327629693949,178.16279116357293,2.9017028769841247,15.467297138624858,50.90916189645199,0,2026-09-03 06:33:50
2024-01-09 16:34:00,CNC-01,L,299.5650773617435,313.65761973062075,1945.8158020414457,37.45315956279697,78.3762162358683,2.5688112909071283,13.565652939613049,56.6140456306012,0,2026-09-03 06:33:50
2024-01-09 18:27:00,CNC-02,M,300.6036409056596,315.6755872720497,46720.26902846627,37.85087547884035,151.09723721174942,2.9456788368270095,14.577046269469815,50.521642302021604,0,2026-09-03 06:33:50
2024-01-09 04:51:00,CNC-02,M,296.8832677727945,311.38300301416126,2225.7737864495275,32.82611217577084,102.01188992178189,2.846660778386808,13.53905225716159,57.751620738294086,0,2026-09-03 06:33:50
2024-01-09 22:40:00,CNC-03,H,305.64513707811665,311.11178770720323,2738.6167368590764,12.05510420808902,143.27844027976485,3.3596137830125525,6.098069963510276,39.80099645126545,1,2026-09-03 06:33:50
2024-01-09 21:16:00,CNC-01,L,300.676128367972,313.0033788836236,2555.602651156441,20.577334903376535,19.02555985616993,2.9634504656995,9.873141362856531,51.72786236443743,0,2026-09-03 06:33:50
2024-01-09 11:58:00,CNC-02,M,302.70536876586823,310.7899588355533,1379.0271270287012,50.89638417883366,20.692636277147958,2.0976913227163765,13.106196299855856,46.80032223792569,1,2026-09-03 06:33:50
2024-01-09 16:33:00,CNC-01,L,299.63770614018415,313.848043448653,1740.68772219974,40.85998497929112,76.97490364591846,2.402767517556173,13.428532487729024,54.53356737447104,0,2026-09-03 06:33:50
2024-01-09 07:04:00,CNC-02,M,296.65765693862693,310.4482218624312,1979.6910498007144,34.24780204404318,49.95242394424771,2.6017802189650383,13.003822407840959,56.37147818894794,0,2026-09-03 06:33:50
2024-01-09 03:09:00,CNC-01,L,297.20460383305647,309.6595862393004,2424.0762023708753,23.65480025603723,22.817390755626732,2.878655183907103,10.799485830270148,58.099988585639935,0,2026-09-03 06:33:50
2024-01-09 04:14:00,CNC-02,M,297.21950484208713,310.3838221350367,2341.9124344831253,25.00949702238458,56.886363974617325,2.944059410352012,11.053311318439556,57.09256075023533,0,2026-09-03 06:33:50
2024-01-09 08:51:00,CNC-03,H,296.01465710942466,311.35847318585473,1695.8408972063598,48.535773899517785,179.40434714616944,2.694052887909841,15.387080077463038,59.62145481002614,0,2026-09-03 06:33:50
2024-01-09 09:30:00,CNC-03,H,296.36387474292496,310.49968551834326,1491.227563827157,49.074015551033376,21.636378272089548,2.1288537769516087,13.862794071057923,56.56799751427572,0,2026-09-03 06:33:50
2024-01-09 13:41:00,CNC-02,M,298.0431904732451,313.20168243131644,1429.994877411899,54.59960044197867,183.31246844327308,2.6030641320055232,,58.303775232075715,0,2026-09-03 06:33:50
2024-01-09 10:33:00,CNC-03,H,296.43141802304484,310.38676109810484,1452.3671964728735,46.70342193339729,120.24005727573832,2.2671169196104097,12.602650148442,56.955969369520524,0,2026-09-03 06:33:50
2024-01-09 01:54:00,CNC-02,M,298.7194155876521,312.00709458869403,2894.822061932557,19.16369894451868,150.27739116326285,3.6045699388060326,10.579973004892322,55.350204996967975,0,2026-09-03 06:33:50
2024-01-09 16:24:00,CNC-01,L,299.80171931637136,314.13463350233997,1748.5332516066276,42.03678350861689,64.13462412772009,2.403501433812553,13.777703067402507,54.97926710227615,0,2026-09-03 06:33:50
2024-01-09 08:47:00,CNC-01,L,295.6263179749653,309.5470516524294,1534.6804206293446,46.33668481379884,18.161095141133764,21.351156712577012,13.354721529865811,56.69754026530744,0,2026-09-03 06:33:50
2024-01-09 16:19:00,CNC-02,M,26.538732275796576,41.74905913675053,,45.03769995961197,183.6327148339334,2.818319401078026,494.96856974067,54.75627055456762,0,2026-09-03 06:33:50
2024-01-09 13:27:00,CNC-01,L,298.3436283832579,312.5767886392254,1453.4487633086478,53.40173939658648,22.06458774195615,2.0429532998447897,,54.31544745852736,0,2026-09-03 06:33:50
2024-01-09 08:28:00,CNC-01,L,295.94336343943957,310.7333352399076,1679.8206291691647,42.986701081530406,225.13312635988166,3.420105343358408,13.377444748102455,63.182405794374,0,2026-09-03 06:33:50
2024-01-09 23:29:13,CNC-02,M,299.75288313595524,313.82831148951385,2677.1019424170904,21.701859374798477,244.56241107975785,4.493601821760314,10.911964260461632,55.857707456019256,0,2026-09-03 06:33:50
2024-01-09 01:22:00,CNC-01,L,298.2466122709173,311.0897454695543,2502.0792154907967,20.398285038093096,95.20854796594688,3.091226550340322,9.664964770073196,53.20387038849368,0,2026-09-03 06:33:50
2024-01-09 16:53:00,CNC-01,L,299.99316672384913,313.82399331099356,1979.4771519756987,33.96325340016073,105.43787320315886,2.7651408135551674,12.448433519388265,51.59257412128421,0,2026-09-03 06:33:50
2024-01-09 18:59:00,CNC-02,M,300.55112767529175,314.9843287086215,2184.441936049093,30.23162487484689,191.90772007490676,3.348281201832997,12.100408265202951,52.201049212603465,0,2026-09-03 06:33:50
2024-01-09 14:19:00,CNC-02,M,298.7850390406083,312.3999316685973,1531.518802709097,41.63976914170271,3.0796719631835288,2.1839330828913646,12.236982645861758,54.305754011587986,0,2026-09-03 06:33:50
2024-01-09 01:40:00,CNC-02,M,298.90587367109924,311.09192208580515,2580.720705785387,17.120626067133585,135.09030736295577,3.292292748269141,8.23723897922908,49.692729566905875,0,2026-09-03 06:33:50
2024-01-09 01:58:00,CNC-01,L,297.7577700069021,310.57404695822265,2700.573322068469,19.227593694948716,134.34442399666278,3.4929811470753687,9.817544462103509,59.78916485796967,0,2026-09-03 06:33:50
2024-01-09 21:34:00,CNC-03,H,305.4163089269691,311.6544069184288,2591.695435129157,17.83057553835084,70.79579112553525,3.2023306229380895,8.989795930032196,46.2763096401459,0,2026-09-03 06:33:50
2024-01-09 07:15:00,CNC-01,L,296.13746470789573,,1868.3915634473306,43.084618586876005,118.86865025452765,2.60393471857073,15.058271975816908,57.00941215809159,0,2026-09-03 06:33:50
2024-01-09 05:15:00,CNC-02,M,296.59603711952735,310.98670102513256,2291.4773521445063,,132.3286178692115,3.1552318954912835,13.005644773145827,56.39326748634388,0,2026-09-03 06:33:50
2024-01-09 08:32:00,CNC-03,H,296.10260059265147,310.4194272340985,1466.7842556412647,48.44774583513641,150.88766257884794,2.3099568223538873,12.934466467404041,57.80120987286976,0,2026-09-03 06:33:50
2024-01-09 10:34:00,CNC-03,H,296.40196982857947,310.93964529295124,1339.1452600812424,56.53848843975679,121.84005727573832,2.135423624355643,14.142361451613187,56.77725717110156,0,2026-09-03 06:33:50
2024-01-09 23:27:00,CNC-03,H,299.6189099396696,312.72159517601955,2765.384236681368,17.98058271473179,193.45210616947932,3.7815139870038905,9.22557449651321,55.31607323550453,0,2026-09-03 06:33:50
2024-01-09 03:02:00,CNC-03,H,298.0884804385035,311.307154922053,2507.336872592186,21.090329029452704,217.35852310043003,3.679513584799945,9.916574518948837,54.49932923902079,0,2026-09-03 06:33:50
2024-01-09 04:13:00,CNC-01,L,296.30620682468765,309.7399468841924,2296.6250549915453,26.28255871464626,98.44350369943812,114.39982744631779,11.375330832363758,56.48636540437007,0,2026-09-03 06:33:50
2024-01-09 13:07:00,CNC-02,M,297.4915966137975,311.9170183392235,1421.716710562539,50.38341749875217,129.73795473704,2.2439732279674627,13.45455752912363,52.86733496690019,0,2026-09-03 06:33:50
2024-01-09 13:42:00,CNC-02,M,298.17437104595035,312.80940722542573,1401.9803776760334,50.18058855775318,184.88431987824987,2.633456415246407,12.941539319300523,59.770349608847646,0,2026-09-03 06:33:50
2024-01-09 10:16:00,CNC-01,L,296.6272811237378,311.41654893951545,1518.1167616429645,50.56740914573871,155.44791620961038,2.586111249678149,14.3757967794646,59.429658562501736,0,2026-09-03 06:33:50
2024-01-09 03:24:00,CNC-02,M,297.6238872110992,311.38538365421994,2578.262871188277,20.995304514618237,251.5763448710599,4.350914121047179,9.939983792486187,54.691278623683345,0,2026-09-03 06:33:50
2024-01-09 16:47:00,CNC-03,H,299.82577472348277,314.4933932485136,1953.3245103807963,38.15679692949119,166.0754410068741,2.8716456619943855,13.833311766681092,52.55348692156262,0,2026-09-03 06:33:50
2024-01-09 22:42:00,CNC-01,L,300.42778771670754,313.1579751635391,2578.4355791971866,20.04891345081415,113.13272710342376,3.1385921671502968,9.594817185154472,55.78533051069766,0,2026-09-03 06:33:50
2024-01-09 11:21:00,CNC-02,M,302.81872078199143,312.02066486062677,1378.1102574329689,54.40221754530771,211.0014049459983,2.7074483044099336,14.364192358097098,48.55623103976157,0,2026-09-03 06:33:50
2024-01-09 22:08:00,CNC-02,M,300.14012519848984,313.73861319456313,2599.930543165456,21.07671938677038,158.47809078372038,3.4887699471060474,10.009834840092132,48.05825646127134,0,2026-09-03 06:33:50
2024-01-09 06:18:00,CNC-01,L,295.96995931527147,308.94699302459276,1889.000588138559,30.361163192388226,39.88538506614462,2.4618529656583497,11.050679445020194,0.0,0,2026-09-03 06:33:50
2024-01-09 21:35:00,CNC-03,H,305.7472106465283,311.8457787564402,2487.054443752764,18.254445351079603,71.93539277729354,2.986715638463174,8.62109076313459,44.51870484670294,0,2026-09-03 06:33:50
2024-01-09 06:43:55,CNC-02,M,296.34184707386447,309.95069183410584,1839.7127179567763,36.539038390201405,23.4143948556077,2.3891763793761904,12.501392849775565,56.03223013043655,0,2026-09-03 06:33:50
2024-01-09 04:02:00,CNC-02,M,297.3846185588396,309.9976306482233,2447.9531309098106,21.1816810437464,42.553544734820626,3.005092624146695,9.737198869631165,58.17520295129684,0,2026-09-03 06:33:50
2024-01-09 08:02:00,CNC-02,M,296.3872584792227,311.70705323201935,1670.2264483586018,49.74929241195652,132.83421635164206,2.421879663736285,15.591502005132432,53.17820957593854,0,2026-09-03 06:33:50
2024-01-09 03:59:00,CNC-02,M,297.5291601548414,0.0,2359.305897214433,26.316093023638235,38.95519589328647,2.9903037822061767,11.581373787706989,51.92186861283792,0,2026-09-03 06:33:50
2024-01-09 19:06:00,CNC-01,L,299.9669081407498,313.8120867346794,2140.1602700394947,31.78501063271324,82.40787064234438,2.781344287183947,12.780981207916732,54.3974309170083,0,2026-09-03 06:33:50
2024-01-09 08:53:00,CNC-02,M,296.28818424687637,311.3864062041694,1438.7026906501192,51.044244075698195,209.42069003320037,2.9031250227438896,13.69950540800422,59.87604068265466,0,2026-09-03 06:33:50
2024-01-09 20:49:00,CNC-02,M,300.38563853214214,313.4323680773158,2572.7306815906386,20.43543974699014,70.1625580131501,3.1656822691450626,9.914296404352724,48.74195875374941,0,2026-09-03 06:33:50
2024-01-09 17:04:00,CNC-01,L,299.9906517429694,314.33119093338235,2008.842165262164,36.26543021282488,120.85607679818787,2.7639795098905995,13.344707296021255,50.30905582916748,0,2026-09-03 06:33:50
2024-01-09 06:46:00,CNC-01,L,295.9050243552551,309.9947665926851,1849.3018231862368,37.984468812829405,78.21908348248904,2.4239432702419097,13.123206670437558,57.04431167973896,0,2026-09-03 06:33:50
2024-01-09 10:03:00,CNC-01,L,296.37303726321045,311.17898640557024,1369.9459990202301,54.35726273217503,135.15213254598908,2.283441926164635,14.22368510951099,56.123512060953324,0,2026-09-03 06:33:50
2024-01-09 14:02:00,CNC-02,M,298.28442394652933,313.2754339986839,1431.7650270023005,52.48674271110239,216.2755556708615,2.908585416546884,13.857379730252068,52.679224179558666,0,2026-09-03 06:33:50
2024-01-09 12:21:00,CNC-03,H,297.2486077586389,311.02392232837275,1382.6774978690612,50.54236300411573,20.651076823960665,2.163250793514883,13.046718926202205,55.609249512505514,0,2026-09-03 06:33:50
2024-01-09 16:12:00,CNC-01,L,26.51545379984782,40.14746856034162,1703.3327776720782,38.706713182739,46.945585790896786,2.2637457642272576,12.422704810710568,48.002594768849434,0,2026-09-03 06:33:50
2024-01-09 21:09:00,CNC-03,H,300.34798937407623,312.7291504151524,2524.1009888272533,19.488724580188283,42.565980708239294,3.0902218815965323,9.103693755743604,48.01312581251554,0,2026-09-03 06:33:50
2024-01-09 04:48:00,CNC-01,L,296.16462732700523,309.79674010468983,2060.9084190046347,30.292876723979404,141.07064109635692,2.9029147853723063,11.78471108250105,57.76801765168681,0,2026-09-03 06:33:50
2024-01-09 15:03:00,CNC-01,L,298.8345725643265,313.93224938775563,1599.412087686404,47.75581725998168,170.61999898540455,2.6713175648640655,14.288403580844689,52.59720343408355,0,2026-09-03 06:33:50
2024-01-09 13:41:00,CNC-01,L,298.1854609463434,311.9318358459362,1345.6867385308688,49.522876105257644,44.10537701709089,2.055513983743214,12.313771792964022,55.67256867399468,0,2026-09-03 06:33:50
2024-01-09 00:42:00,CNC-02,M,298.80914824327175,311.10080874084,2750.772874154248,16.572111257030354,72.85533642447955,3.3274579672847406,8.387313018566735,55.39874830201559,0,2026-09-03 06:33:50
2024-01-09 00:35:00,CNC-03,H,298.9284681012351,310.0436000738952,2796.371162623049,11.879166027330326,56.45367073735055,3.2859107654424142,6.156392030439897,54.30500566849323,1,2026-09-03 06:33:50
2024-01-09 15:43:00,CNC-03,H,25.9511921527789,40.44677914744011,1611.5573406991869,45.4485546330467,73.58329454564387,2.156905457697063,13.794873912193264,53.876951314825845,0,2026-09-03 06:33:50
2024-01-09 03:19:00,CNC-02,M,297.71639036908755,312.14660933811894,2467.118175276995,27.03786496642496,245.87547455982283,4.2324186133420545,12.23174786273853,57.20781208328128,0,2026-09-03 06:33:50
2024-01-09 00:17:00,CNC-03,H,298.93072912637285,311.05241624215716,2774.8552746879955,15.86514790333663,37.41977599622923,3.2111870890300045,8.35048210854647,53.11843497291368,0,2026-09-03 06:33:50
2024-01-09 03:20:00,CNC-01,L,297.03708492521673,308.7281467284512,2588.8917046179977,15.916920832467975,35.373613689539575,3.1289993509999587,7.821864738633511,55.61802444475877,0,2026-09-03 06:33:50
2024-01-09 20:57:00,CNC-02,M,300.37896517420097,313.75680227509434,2586.144259244228,21.808366253627653,79.2339337457755,31.693901002980457,10.79667244852835,51.472571975690144,0,2026-09-03 06:33:50
2024-01-09 21:14:00,CNC-01,L,300.6865984079354,313.31126925863373,2639.842940752472,20.331799128508422,16.758584461811125,3.0948259503907165,9.883292154468874,49.926658698811494,0,2026-09-03 06:33:50
2024-01-09 07:27:00,CNC-03,H,296.1353402070524,310.015093564528,1807.6023713640666,37.21929530847029,55.77645379619404,2.476791017203975,12.440760559449371,62.60405334492884,0,2026-09-03 06:33:50
2024-01-09 16:06:00,CNC-03,H,26.217556499012176,40.9262710668105,1804.4291923159026,41.23935257096105,107.29428729634931,2.605533830750484,13.794893808160511,51.32551010011757,0,2026-09-03 06:33:50
2024-01-09 05:28:00,CNC-02,M,297.00205862414083,311.44905866689015,2042.7072354473698,33.290511695144154,149.07181208950033,2.957429162120353,12.452879291146584,59.10464780649248,0,2026-09-03 06:33:50
2024-01-09 17:05:00,CNC-03,H,26.641620513351484,41.28410646728054,1990.600696347586,37.16691340110963,191.2927575687951,3.004802294401549,13.762506971517467,53.13680360642502,0,2026-09-03 06:33:50
2024-01-09 19:59:00,CNC-02,M,300.4053440863353,313.1301672303019,2547.675920324397,20.510659258810026,11.87553577064932,2.9735755670012565,9.791119868747248,50.429965249773794,0,2026-09-03 06:33:50
2024-01-09 10:52:00,CNC-01,L,296.75242618182665,310.27684642387015,1451.3152448404282,45.716249575649535,4.744867837490873,2.0499856407887638,12.432241681757043,58.91972219748169,0,2026-09-03 06:33:50
2024-01-09 11:34:00,CNC-03,H,296.9071170834633,311.34962465638796,1458.7682734213518,49.45078765342152,216.6504623082496,2.77487234087344,13.476106805198866,58.356375588380224,0,2026-09-03 06:33:50
2024-01-09 18:10:00,CNC-01,L,27.14337877232157,41.005916299300225,1882.0527524342422,37.14183444858589,10.539607144527155,2.509425215617405,12.982300006850549,50.09565229663174,0,2026-09-03 06:33:50
2024-01-09 18:36:00,CNC-01,L,300.6400711764586,313.9739143065111,2141.1210717064146,29.00189353075744,44.35354641085651,2.7254257669639963,11.59555679087307,49.888367701331475,0,2026-09-03 06:33:50
2024-01-09 11:32:00,CNC-02,M,302.65709339921125,311.9459610310373,1486.2371438867096,52.33261009061204,228.41350968582435,3.061602518081333,14.810056723979423,44.01100897825172,0,2026-09-03 06:33:50
2024-01-09 22:41:58,CNC-02,M,300.0416142499548,313.57038787700367,2641.8569950623328,19.966349303421854,194.1977284633191,3.831533937274989,9.662281837246846,49.648898711517155,0,2026-09-03 06:33:50
2024-01-09 03:56:00,CNC-01,L,296.789976949031,309.2861772388182,,20.16631920784486,77.91689595177229,3.033374439585329,9.485966566669855,58.119803509345715,0,2026-09-03 06:33:50
2024-01-09 04:31:00,CNC-03,H,296.44295378064487,309.57469685890874,2171.203243069786,27.529725049417532,51.9337871178165,2.701395929535336,11.100851946513808,56.12934085292019,0,2026-09-03 06:33:50
2024-01-09 14:07:00,CNC-02,M,298.44343168888025,313.86337451077395,1547.3866702320768,50.47470061932794,224.1450672502924,3.126789692637247,14.605312033973668,56.1515677159771,0,2026-09-03 06:33:50
2024-01-09 10:39:00,CNC-01,L,296.7307980805194,312.36326352109535,1606.0938462879099,53.068637555516226,191.56666047954565,2.9320418859031636,16.1222474747568,57.9161619698826,0,2026-09-03 06:33:50
2024-01-09 23:57:00,CNC-01,L,299.74661591700135,312.7043979989458,2635.5018879996805,18.263446569952496,192.99017261447082,3.9822616965029094,9.09278582976714,52.48093826440643,0,2026-09-03 06:33:50
2024-01-09 01:35:00,CNC-03,H,298.3898106331951,310.1885374371698,2776.756572713213,12.938125886450095,120.50220097044452,3.40653978596062,6.645389822170153,53.998966022599404,0,2026-09-03 06:33:50
2024-01-09 08:53:00,CNC-03,H,296.0547336243025,310.4534743737375,1572.723179826381,46.710484318535876,182.4810970607107,2.6093322060303543,13.866803505865029,57.12838021515191,0,2026-09-03 06:33:50
2024-01-09 13:32:00,CNC-03,H,298.00271737079674,312.6597653962648,1413.92047092581,51.80640757122658,133.22342699381775,2.2763987497805953,13.782209111748365,54.66733497492245,0,2026-09-03 06:33:50
2024-01-09 01:26:00,CNC-03,H,298.29248060368707,310.5775307433283,2615.9777360712897,18.03295896033342,110.84990437611326,3.309495139195439,8.948635195017232,51.127890412096924,0,2026-09-03 06:33:50
2024-01-09 19:09:00,CNC-02,M,300.39566814159065,314.6239167331577,2251.0294784340613,28.714087870862112,204.50410384632195,3.467402742714785,12.08666904381504,49.39436071154317,0,2026-09-03 06:33:50
2024-01-09 13:28:00,CNC-02,M,298.22255276201173,312.7235118902714,1376.4479644515377,49.79407088031123,162.90835545433663,,12.668280460009516,57.90711356653885,0,2026-09-03 06:33:50
2024-01-09 13:22:00,CNC-01,L,298.09728459770986,311.547589671072,1351.7785315332103,48.555084327578655,14.161692754904722,1.9635507065868876,12.187038018168737,56.88729233727895,0,2026-09-03 06:33:50
2024-01-09 00:15:00,CNC-03,H,298.89907133959133,310.65449768874976,2668.2445921518233,14.975274820352766,35.33614260895509,32.88561888243532,7.5460664605636785,55.28846269801765,0,2026-09-03 06:33:50
2024-01-09 07:32:00,CNC-02,M,296.3315696191213,310.8447340229805,1933.5302389807102,37.91178186908342,89.45032041558702,2.5772141580111088,13.722212627560053,61.09943820949734,0,2026-09-03 06:33:50
2024-01-09 08:18:00,CNC-03,H,295.7109132465067,310.42309558211866,1527.8703468204026,50.78506023703153,129.94496341657117,2.249660013361764,14.595225831156888,57.594585649091535,0,2026-09-03 06:33:50
2024-01-09 16:02:48,CNC-02,M,26.485960120845675,41.13290725646743,1605.883436316859,45.672965963078276,160.38107967175762,2.5043079372089307,13.48090072298689,51.91963086371654,0,2026-09-03 06:33:50
2024-01-09 23:17:00,CNC-01,L,300.14609325685274,311.78157115941184,2704.874437190564,12.478519903047818,150.79734522792717,3.5613549663806823,6.306735221130854,50.99916280887121,0,2026-09-03 06:33:50
2024-01-09 08:03:00,CNC-03,H,296.0798826262193,310.45112942192964,1576.4691769990986,46.444405455898476,107.84492722809078,2.3067416439708994,13.570930998831628,59.91988144982812,0,2026-09-03 06:33:50
2024-01-09 17:46:00,CNC-01,L,27.089042063168392,42.06274624785226,1957.8239679498683,38.27400036381023,178.66793556991706,3.0073121348469307,13.782183800272355,51.54554213865733,0,2026-09-03 06:33:50
2024-01-09 08:30:00,CNC-03,H,295.78290611440804,310.81456190603814,1630.3259759057742,48.23447821134171,147.83548426019792,2.437194972319976,14.656962702833495,58.482417082343545,0,2026-09-03 06:33:50
2024-01-09 04:20:00,CNC-03,H,296.8989540308615,309.9732058357939,2205.2825224054927,27.889855548258353,38.587566021281376,2.8535952574051446,11.457297933030157,57.533872067443006,0,2026-09-03 06:33:50
2024-01-09 07:33:00,CNC-03,H,296.0087057644519,310.13424155300396,1659.8075419191318,44.43106856516718,64.37741414013442,2.39531809740938,13.832245269273363,57.825990672119374,0,2026-09-03 06:33:50
2024-01-09 00:47:00,CNC-02,M,298.84912061112277,310.17159146395136,2765.949294602566,12.052724332504086,78.07800856920694,3.2794227553874284,6.154791395989404,53.414168619769214,1,2026-09-03 06:33:50
2024-01-09 08:19:00,CNC-03,H,295.9458557038741,310.97715190310106,1655.5626029831994,47.30788271278027,131.4262437782448,2.4464091962589607,14.920577946975042,56.384594310253476,0,2026-09-03 06:33:50
2024-01-09 21:09:00,CNC-01,L,300.6994222452502,312.4919933247669,2591.903331601973,16.830711307759334,11.263128055974652,3.25493623363494,8.22295334274691,48.20301675985926,0,2026-09-03 06:33:50
2024-01-09 20:22:00,CNC-03,H,300.20476420355095,313.8844611286034,2364.1219563928785,24.432366879084704,210.90460398965615,3.5663703922070655,10.94628303027506,49.38124459771568,0,2026-09-03 06:33:50
2024-01-09 20:34:00,CNC-03,H,300.21738191918683,312.6095746072635,2605.0536071891534,19.705770827709685,2.235425610937361,3.1474404041111557,9.578647161821555,54.08164988269615,0,2026-09-03 06:33:50
2024-01-09 05:32:00,CNC-03,H,296.3117435792963,310.50245419113054,2287.0493407390236,30.29449851843658,128.76190418518362,3.0492608528779455,12.84364535535653,55.35898492528858,0,2026-09-03 06:33:50
2024-01-09 04:18:00,CNC-02,M,297.00565586063186,309.92106210361874,2405.9933247218464,23.529538396328192,61.7556264689394,2.9614489922975626,10.6451133165533,55.806061790718786,0,2026-09-03 06:33:50
2024-01-09 13:54:00,CNC-02,M,298.13551975957074,312.527985007329,1445.5195068982107,46.78388769663374,203.72751789639346,2.708542769643972,12.523646829369225,53.74126193726305,0,2026-09-03 06:33:50
2024-01-09 13:13:00,CNC-03,H,297.7891873448848,311.58743139807103,1336.551264057692,49.11512933090276,103.09098554890589,2.0153530124586787,12.26787758533071,55.42214721908469,0,2026-09-03 06:33:50
2024-01-09 02:28:00,CNC-01,L,297.5244003542431,310.97699525991925,2582.830882387255,21.164922410610906,167.4797345649791,3.666673536327636,10.119862072311763,56.490876912976766,0,2026-09-03 06:33:50
2024-01-09 01:23:00,CNC-01,L,298.46306976610407,310.4622267696579,2742.862447838758,15.201657213766417,96.2647003585835,3.4578260956687,7.7951897132166765,53.39805800341528,0,2026-09-03 06:33:50
2024-01-09 14:45:00,CNC-03,H,298.94713062425257,313.47271682749795,1541.43038675441,44.901502092266945,246.6706202274634,3.0825504390646077,13.009932107254366,47.76000254600801,0,2026-09-03 06:33:50
2024-01-09 10:09:00,CNC-02,M,296.06170363124477,310.5630700487685,1463.2623607202554,48.065258927239185,97.36500088575959,2.2108370427245885,13.413840782095244,57.938982782644054,0,2026-09-03 06:33:50
2024-01-09 21:39:00,CNC-01,L,300.57537402648614,312.60780222975916,2635.533550912154,17.104013038987897,44.58871929845838,3.1142891325326154,8.549107956280762,50.496039503518254,0,2026-09-03 06:33:50
2024-01-09 03:00:00,CNC-02,M,297.85079167424533,311.9696254651194,2476.21578737242,25.376784786262782,223.9075417748891,3.927779066533974,11.791247616301282,53.595590794460406,0,2026-09-03 06:33:50
2024-01-09 05:40:00,CNC-02,M,296.9816231962917,312.0738520395127,2015.3865643507368,38.568925770349765,164.7347433612055,2.960942477725121,14.367874424292099,56.76840827740642,0,2026-09-03 06:33:50
2024-01-09 04:34:00,CNC-01,L,296.3472956801608,310.57562721929156,2412.2991660152193,28.875948188810913,123.83164651248828,3.1660110044726686,12.968742654211422,55.04105424297013,0,2026-09-03 06:33:50
2024-01-09 18:27:00,CNC-01,L,300.5119481653191,313.8160296269945,2162.351542274081,27.47792649717569,32.51402220391743,2.7596355908834966,10.827343704497345,45.25834693394361,0,2026-09-03 06:33:50
2024-01-09 00:44:00,CNC-02,M,298.9235924281093,310.89602791016677,2751.9762406014775,16.575700306253104,74.9478039085618,3.1057806210538037,8.638022413418799,51.38752513735274,0,2026-09-03 06:33:50
2024-01-09 08:55:00,CNC-03,H,296.06582029839325,310.47310560008566,1543.25181232188,44.66786911225108,185.54952993607156,2.5590508574378545,12.852968632476212,58.60118132590818,0,2026-09-03 06:33:50
2024-01-09 19:32:00,CNC-01,L,300.47476880257886,314.6231996127203,2232.035421000068,30.341910385496465,114.53855396648522,2.9955434004990877,12.750223912580228,55.56454740262595,0,2026-09-03 06:33:50
2024-01-09 20:01:00,CNC-01,L,300.6536300685925,315.55440007513715,2420.813494779018,31.348140558532123,149.5414015252087,3.332883498221009,14.13885817764304,47.417917357409976,0,2026-09-03 06:33:50
2024-01-09 00:43:00,CNC-01,L,299.1415462594477,310.96176394783186,2793.837958406335,14.74503995507501,52.10960514924473,3.3882925428678714,7.592970914015303,51.9387918695586,0,2026-09-03 06:33:50
2024-01-09 01:48:00,CNC-03,H,298.50081428444776,310.4568311984648,2689.5597076997897,14.492848388376526,134.63677493573311,3.3827605698586845,7.193667836081684,51.95255522900823,0,2026-09-03 06:33:50
2024-01-09 04:25:00,CNC-02,M,297.208941287917,310.578214272211,2438.4937095166506,24.773604871505952,70.04401011629774,3.0391046154108747,11.490974045403055,58.54649094378765,0,2026-09-03 06:33:50
2024-01-09 15:37:00,CNC-02,M,26.323924186823263,41.232783352338004,,45.4791780761551,122.12134041375398,2.5607444844095153,14.01413374508329,48.715933286156286,0,2026-09-03 06:33:50
2024-01-09 14:05:00,CNC-03,H,298.35971256269454,313.2017360774059,,48.295190178345955,184.94686555501025,2.6449354908830625,13.886319925847754,54.26251528005521,0,2026-09-03 06:33:50
2024-01-09 16:32:00,CNC-02,M,299.64955864041053,314.15898038724725,1612.174166556691,40.49723203987894,202.40977455477906,2.837154782151549,12.23868865693759,52.300256240233225,0,2026-09-03 06:33:50
2024-01-09 13:24:00,CNC-02,M,297.6885147987582,312.50896076213326,1509.4578296095922,49.754042277645404,156.51564104497726,2.5234505834318184,13.949786675399796,54.24667479021258,0,2026-09-03 06:33:50
2024-01-09 03:38:00,CNC-02,M,297.4706650164647,310.4983489673975,2370.4539405850733,25.374402853726796,13.941509106776971,2.957715539830266,11.371562855132215,57.704002142938265,0,2026-09-03 06:33:50
2024-01-09 07:17:00,CNC-03,H,6727.7209920229725,309.92363227342685,1899.8825227887,37.79274825367189,41.64050581338655,2.428766259265853,13.560881331640855,58.25050606035748,0,2026-09-03 06:33:50
2024-01-09 04:19:00,CNC-01,L,296.44687057320243,309.74015329498417,2349.4502174819336,24.79838521154935,105.68369733814087,2.965308457070612,10.941224031552439,52.34196698100642,0,2026-09-03 06:33:50
2024-01-09 10:56:00,CNC-02,M,302.5694239318697,311.0476631447199,1285.9665136862304,53.92315501355855,171.40562918792713,2.387592202575749,12.999430301129042,49.954782849963,1,2026-09-03 06:33:50
2024-01-09 06:57:00,CNC-03,H,295.6447275341956,309.69762891134303,1823.6681185034804,40.201513487500236,13.678340835523796,2.494349486985904,13.60589356220632,57.737235369849216,0,2026-09-03 06:33:50
2024-01-09 03:37:00,CNC-03,H,297.39486455055345,311.4415974258173,2511.67793185271,24.354594502817392,257.19770326355564,4.113008938080044,11.427527288009053,58.19968644928845,0,2026-09-03 06:33:50
2024-01-09 08:41:48,CNC-03,H,295.9097772101054,310.91718057102463,1683.2260182253835,47.73444260331611,164.18224155514415,26.354030015072603,15.031999359826436,60.16069683569147,0,2026-09-03 06:33:50
2024-01-09 01:00:06,CNC-01,L,298.9263631671293,310.4974338749419,2708.9659969207996,13.404572579888015,70.14242183064637,3.353275748568171,6.783982610876704,50.01198961413514,0,2026-09-03 06:33:50
2024-01-09 08:38:00,CNC-03,H,295.9855974361996,309.97716025681393,1556.7334970434922,44.140479861548485,159.78861171184332,2.5519546132124944,12.834530169104136,58.341100982463374,0,2026-09-03 06:33:50
2024-01-09 21:23:00,CNC-03,H,300.2417809041193,312.8351794617853,2489.234080389108,21.391111512579528,58.38312556204169,3.1298934605705715,9.848357591382205,51.28098221312929,0,2026-09-03 06:33:50
2024-01-09 13:28:00,CNC-03,H,297.89012540573884,312.6173775352426,1388.1920308348947,53.869717087589095,126.89134113129919,2.12499890207291,13.98679205796614,53.09252993770256,0,2026-09-03 06:33:50
2024-01-09 06:45:00,CNC-03,H,296.01337506336273,310.38100085090997,1674.0944572356118,40.40790244736557,227.0656184704651,2.968707530954323,12.664326836077016,57.52487712851733,0,2026-09-03 06:33:50
2024-01-09 14:01:00,CNC-03,H,298.56617376367456,313.3725442455192,1451.1268517822916,52.02797477574547,178.7000448582548,2.4750854857410984,14.205942306327746,58.103903780869494,0,2026-09-03 06:33:50
2024-01-09 23:36:00,CNC-01,L,299.9715415954986,311.94214653161123,,13.061095155794597,170.7435250726416,3.7697128963593647,6.860792216518648,52.282878785267165,0,2026-09-03 06:33:50
2024-01-09 10:29:00,CNC-03,H,296.26694188514506,310.2993414276427,1418.2462615620414,48.66719428441123,113.88952574222975,2.1512806765026937,12.885489419984948,60.18528885901061,0,2026-09-03 06:33:50
2024-01-09 09:09:00,CNC-02,M,296.57757526365805,310.6037385743113,1575.1238371522504,45.28417817417696,4.648842513354005,2.227592897807934,13.194039302813094,59.46741029776677,0,2026-09-03 06:33:50
2024-01-09 14:21:00,CNC-03,H,298.277778049681,313.33414405589576,1456.5924803634946,52.26945672995654,209.747211304376,2.6858701135569927,14.409286505674554,55.006778333548255,0,2026-09-03 06:33:50
2024-01-09 10:45:00,CNC-01,L,296.49236095079306,311.73621379441863,1502.0685391037832,52.314530656012586,201.06091041219108,2.936176638057718,14.739907330676063,55.51250297927208,0,2026-09-03 06:33:50
2024-01-09 12:47:00,CNC-01,L,297.9539156596031,313.03161775633606,1410.545384715749,53.00799627853494,186.9526700928274,2.653371664192116,14.147093403999232,53.612004738831025,0,2026-09-03 06:33:50
2024-01-09 08:49:00,CNC-02,M,296.2577287267687,311.49317773894995,1632.0850674550854,48.73673893482035,203.3877834703134,2.881449490967736,14.916068297443474,57.03769304761724,0,2026-09-03 06:33:50
2024-01-09 07:02:00,CNC-01,L,295.95290992900703,310.1781489051851,1949.3820326338678,37.07827423673841,100.51263485488306,2.712626785113762,13.57474865666617,58.07077776111138,0,2026-09-03 06:33:50
2024-01-09 08:07:00,CNC-01,L,295.95456598307186,310.8386513279599,1651.298030757155,47.1940718387449,193.9557091752392,2.9428231094035784,14.561587942721642,61.78249124008875,0,2026-09-03 06:33:50
2024-01-09 03:52:00,CNC-01,L,296.39336407179445,309.44812316323043,2311.8923918109663,24.990601569310403,73.09856875424379,28.085420366009945,11.137820549821239,61.944121068001465,0,2026-09-03 06:33:50
2024-01-09 17:45:00,CNC-03,H,26.838492476302918,40.541656484140674,1929.2645898798814,35.694814222881305,13.534577472318302,2.5763766266055432,13.0425460998743,48.89360235031553,0,2026-09-03 06:33:50
2024-01-09 09:47:36,CNC-02,M,296.4889802240243,310.7665150533242,1661.1079194450872,41.68936420347347,63.13352100408474,2.269420789330423,12.891563727571862,61.61491906217352,0,2026-09-03 06:33:50
2024-01-09 02:59:00,CNC-01,L,297.1206047920942,308.8642734613001,2576.0511315283115,17.520853756043756,11.253806939815332,3.095264361321788,8.518604731324228,54.7727568162742,0,2026-09-03 06:33:50
2024-01-09 03:39:36,CNC-02,M,297.60875865255645,310.6250006384568,2323.513740468201,25.5416027065236,17.533428810175376,2.921089533658396,11.010029105470117,60.12979785182429,0,2026-09-03 06:33:50
2024-01-09 04:36:00,CNC-02,M,297.3496184401649,309.9968338381897,2245.5032246316955,24.18111097957562,83.4771844272055,2.860375582634332,10.26739988649791,,0,2026-09-03 06:33:50
2024-01-09 19:15:00,CNC-02,M,300.33867526292227,315.2334621871018,2254.287202305349,31.269188911924296,212.01326823573115,3.533543042761361,13.198684555560309,50.8312982760999,0,2026-09-03 06:33:50
2024-01-09 18:18:00,CNC-01,L,300.45659265744644,313.92870555449093,2169.9900156008443,30.521417732380673,21.098429492440307,2.8076976532219513,12.315823424650851,45.78474030399564,0,2026-09-03 06:33:50
2024-01-09 08:59:00,CNC-01,L,295.90985089035206,309.8410083317354,1392.1206395430615,48.68857011393379,36.45673715124367,2.032976778901521,12.553893749204464,59.649496430806145,0,2026-09-03 06:33:50
2024-01-09 22:08:00,CNC-03,H,305.41771778423856,312.78699135560635,2709.349445737701,21.814113227873207,108.53051865589867,3.236550654627493,10.771077953249145,42.931934151823675,0,2026-09-03 06:33:50
2024-01-09 07:50:00,CNC-03,H,296.18162304524697,310.9564229482031,1773.8719915509462,43.5268236984232,88.91918412549403,2.5213622704217884,14.530793165583246,60.81641313710959,0,2026-09-03 06:33:50
2024-01-09 11:42:00,CNC-01,L,297.35576735754563,311.35110354395783,1352.3751178073533,49.154309467233716,83.81776679235017,1.9985164469962868,12.509684300411637,56.40342721132397,0,2026-09-03 06:33:50
2024-01-09 04:16:00,CNC-01,L,296.36453321729914,309.9630876574149,2349.8307332329764,26.404239283065166,102.12900605408852,3.0418724251731644,11.601262758509149,63.20707071381121,0,2026-09-03 06:33:50
2024-01-09 21:38:00,CNC-01,L,300.78530866611567,312.73531993842664,2554.4000188456926,18.3946765460656,43.493220162791246,3.062263381960656,8.937506753091593,48.62026178835572,0,2026-09-03 06:33:50
2024-01-09 14:52:00,CNC-01,L,298.7265930397806,313.4335041314016,1552.2062001379957,46.76546318670183,153.88563697034826,2.6073561589516805,13.48912979754619,52.624961843457555,0,2026-09-03 06:33:50
2024-01-09 04:17:00,CNC-02,M,297.3503048789062,310.8684981452301,2306.0825229598645,27.539661820435875,60.59502825961489,2.983471355458569,11.849228634105238,54.86825581698685,0,2026-09-03 06:33:50
2024-01-09 14:58:00,CNC-01,L,298.46434290515293,313.1996215359768,1548.4900205664176,46.75584695340159,163.11904328488455,25.836829270019482,13.653259485469773,55.16471436896158,0,2026-09-03 06:33:50
2024-01-09 09:05:00,CNC-03,H,296.2118090276926,311.5073802339773,1734.6022279998424,,200.64800589867093,2.9133264551997713,14.883505386285051,60.84825038596715,0,2026-09-03 06:33:50
2024-01-09 14:43:00,CNC-03,H,298.72686613222163,314.1404010572564,1516.8176332971025,52.7309871456151,243.62894370651873,3.069891965465898,14.846693854532882,55.485225144589045,0,2026-09-03 06:33:50
2024-01-09 17:36:00,CNC-01,L,26.863077500347572,40.744533264922325,1837.6526744101768,34.24031077618669,165.0535824898408,2.9396879112143104,11.72795951459956,47.69791352948537,0,2026-09-03 06:33:50
2024-01-09 12:45:00,CNC-01,L,297.6618384167745,312.54499023712447,1499.4400928533623,51.55393554013311,183.7598241241083,2.7580195191650723,14.19531221296395,54.80809084613117,0,2026-09-03 06:33:50
2024-01-09 00:51:00,CNC-03,H,298.59367358596796,310.42777378955316,2736.1376967135693,14.142846860273707,73.47181343334093,3.259045010135615,7.213616498186951,52.598654395331415,0,2026-09-03 06:33:50
2024-01-09 15:09:00,CNC-02,M,298.94723003517134,313.18626155193834,1623.231102687716,40.71686069171276,80.1897270943788,2.222001861460835,12.497275701445828,52.311066342278735,0,2026-09-03 06:33:50
2024-01-09 04:35:00,CNC-03,H,296.80314040632464,310.15983421311864,2365.9680453994597,26.69695876789395,56.85882433011128,2.898578665166591,11.728076525940853,59.015481366979046,0,2026-09-03 06:33:50
2024-01-09 03:26:00,CNC-01,L,296.84303866149963,309.39603391653156,2386.334039746832,21.732743084345888,42.40218494920392,3.007849581805322,9.960676412619076,55.60009743060423,0,2026-09-03 06:33:50
2024-01-09 11:40:00,CNC-01,L,296.90061060586225,310.70778233999863,1483.3715938796306,44.31987142055584,80.64454577078702,2.187409110769756,12.230728417721222,58.25095716738004,0,2026-09-03 06:33:50
2024-01-09 17:40:00,CNC-03,H,26.616840153600492,40.20820704681512,1918.380166204449,35.38493266108765,6.770090128935662,2.4463264232522928,12.799014085794475,50.051463130761974,0,2026-09-03 06:33:50
2024-01-09 17:49:00,CNC-01,L,27.096608554924615,41.358775230281026,1942.8863739943172,34.89758333511032,182.62123519570983,3.1762927701323966,12.530121118140134,52.0833444208681,0,2026-09-03 06:33:50
2024-01-09 09:24:00,CNC-01,L,296.06854431507963,310.181741233246,1586.54724938928,45.52531252609114,74.63126871925917,2.2418719373334217,13.567873821052993,54.87827287995869,0,2026-09-03 06:33:50
2024-01-09 16:17:00,CNC-02,M,26.302829726011737,42.191772800257695,1863.4577821951837,42.462321786475506,180.68566295139536,2.841851411242914,14.805234822297274,50.48698441319112,0,2026-09-03 06:33:50
2024-01-09 17:48:00,CNC-02,M,27.188033734480996,41.746707957301055,2010.66888902028,35.350795468925256,99.50105604450863,2.587214366594076,13.272808343594,52.14016448599402,0,2026-09-03 06:33:50
2024-01-09 21:57:00,CNC-02,M,300.5032105414581,313.4402557608743,2604.6851881044054,17.556952794310476,146.55714007754196,3.268906454402152,8.700700184731636,50.00254554707574,0,2026-09-03 06:33:50
2024-01-09 14:33:00,CNC-03,H,298.5022990228731,313.5144891153265,1460.5726511036885,50.80217219625269,228.25230759686525,2.9456306444913816,13.808552199186119,49.22787004696899,0,2026-09-03 06:33:50
2024-01-09 09:24:00,CNC-02,M,296.38473843684466,310.26965061282675,1512.8919176515963,44.7277468376445,27.68239032135252,2.3400087173308446,13.078909361768863,56.95462203778174,0,2026-09-03 06:33:50
2024-01-09 23:46:34,CNC-03,H,299.5657183119862,312.3979789551224,2654.1865885511147,17.053170690732312,214.7907871421132,3.8626131677762974,8.444826860417216,51.201154634916065,0,2026-09-03 06:33:50
2024-01-09 00:57:00,CNC-02,M,298.43826487461365,310.2431815072697,2719.4325612458674,15.581410074997308,88.69023593128694,3.2635102529554176,8.067646630127706,52.99629745799007,0,2026-09-03 06:33:50
2024-01-09 09:43:08,CNC-01,L,296.26829071753394,310.5198973478321,1378.269396513556,53.02946745578653,103.9435295661576,2.1268014526720296,13.38153509739024,60.58968876773156,0,2026-09-03 06:33:50
2024-01-09 20:23:00,CNC-01,L,300.74704882069796,314.2921403942139,2366.9097819221142,,175.60887522326675,3.4101603210420626,10.987374912791859,54.08851749555737,0,2026-09-03 06:33:50
2024-01-09 21:50:00,CNC-02,M,300.5224001707445,313.32914414549396,2426.5362573732477,19.415097248653648,138.8038677264588,3.21618481478036,8.911343503832446,47.276541269633654,0,2026-09-03 06:33:50
2024-01-09 15:34:00,CNC-03,H,25.88339145249944,40.69473514001709,1718.1703231136012,46.85234131705168,60.18315171887095,2.3446093143666684,14.980310811418263,49.9201332804045,0,2026-09-03 06:33:50
2024-01-09 09:42:00,CNC-02,M,296.3419533721214,310.7219739735422,1428.9896691922797,51.6707043035425,55.42225086359707,2.1001167142723167,13.77640460651689,58.70406070436239,0,2026-09-03 06:33:50
2024-01-09 10:07:00,CNC-02,M,296.85457091147737,310.9769713831271,1505.5299806799871,45.915938971357775,94.2607145701774,2.1501640710507983,12.850022567018723,55.80272814007966,0,2026-09-03 06:33:50
2024-01-09 06:10:00,CNC-02,M,296.5785140050315,311.5457686585407,2057.7014439737823,36.15608586871695,204.64810010080222,3.3040663661275596,13.902063797264406,57.86526074574546,0,2026-09-03 06:33:50
2024-01-09 01:10:00,CNC-03,H,298.7039543747905,311.5094306185385,2569.984976227678,19.717149052558145,93.81020237719939,3.1141217057359722,9.376613900445296,53.90859802879887,0,2026-09-03 06:33:50
2024-01-09 00:02:00,CNC-03,H,298.62497053478717,310.41068800214913,2750.2477227049126,15.706004674114187,21.472831007432266,3.355866686847476,8.204084774668818,50.41358466206846,0,2026-09-03 06:33:50
2024-01-09 15:10:00,CNC-03,H,299.0079111072662,312.8490630995586,1685.5508650106733,40.48195023889267,24.247550180758967,2.2508543744472442,12.766385633411339,50.55846909410468,0,2026-09-03 06:33:50
2024-01-09 15:41:00,CNC-02,M,26.21598349841304,41.42692448418603,1681.5544561816826,45.66495180137407,127.98327528799051,2.4569497600890347,14.454643552319425,50.51322337357456,0,2026-09-03 06:33:50
2024-01-09 14:32:00,CNC-01,L,298.3833878710417,312.56048637341,1334.9690553878859,52.057239833733504,123.30455919065943,2.0785292795360197,13.00747704403334,58.024543361808355,0,2026-09-03 06:33:50
2024-01-09 09:49:00,CNC-02,M,296.8060356810518,311.0002039612935,1529.9430293758699,46.099588211970335,66.17192446806014,2.1662832767992013,13.182168606991253,57.406709958765184,0,2026-09-03 06:33:50
2024-01-09 21:46:00,CNC-01,L,300.72286568267486,313.037844561771,2575.838222701342,18.782461771834566,52.35912814891968,3.1692571060293777,9.163989062291538,54.01525203542303,0,2026-09-03 06:33:50
2024-01-09 12:17:00,CNC-02,M,297.48555611990486,311.40596959271414,1377.4583193394449,49.333906043005,50.69853428174972,2.0251234597487646,12.718719579181936,57.51557411988294,0,2026-09-03 06:33:50
2024-01-09 22:35:00,CNC-01,L,300.45987217202185,313.1922449290155,2683.9360647177464,18.68417035803591,105.56517568056938,3.3055562114551025,9.477145475530035,47.336257639606444,0,2026-09-03 06:33:50
2024-01-09 20:37:00,CNC-01,L,300.5175094006853,314.96421004672146,2411.89246950497,27.53807665609218,191.9776859322876,3.634628080577843,12.537459388491493,52.291426328319936,0,2026-09-03 06:33:50
2024-01-09 02:20:00,CNC-03,H,298.09505303609177,310.99598063500105,2731.588388539727,18.18755262130654,,3.632568316587984,9.209086528524793,55.15685558111769,0,2026-09-03 06:33:50
2024-01-09 16:37:04,CNC-02,M,300.03062976963594,313.8062627221775,1824.6135251842068,35.617671414228205,2.849829289334183,2.408807580306952,12.041563825917757,53.223001729569106,0,2026-09-03 06:33:50
2024-01-09 18:37:00,CNC-03,H,300.2439361796157,313.98352881721627,2095.5737931899107,31.158284832773006,81.83140189822828,2.790138291926939,12.22699031811226,48.55745115431888,0,2026-09-03 06:33:50
2024-01-09 10:12:00,CNC-03,H,296.46450881378144,310.45699987698214,1494.9924686831152,47.430230234682995,87.02867022228502,2.2156705603364033,13.383998691791147,57.13986271469157,0,2026-09-03 06:33:50
2024-01-09 15:03:00,CNC-02,M,298.8661563939816,312.96214390138374,1411.3307794121565,46.10912879588921,71.06002807399125,2.0509302826900924,12.183742324511707,49.35113287400362,0,2026-09-03 06:33:50
2024-01-09 03:44:00,CNC-02,M,297.6412314342156,310.5955345858894,2432.476649776481,23.702181545406685,20.995163599408762,2.925899294335633,10.757898579108707,54.980323318604455,0,2026-09-03 06:33:50
2024-01-09 18:30:00,CNC-01,L,300.34999936013514,314.5469610611696,2200.732656109659,32.29400994431243,36.43585857524863,2.7749747091045847,13.346203249150063,54.85917858273091,0,2026-09-03 06:33:50
2024-01-09 18:46:00,CNC-02,M,300.4644201370971,315.21786130077356,2238.084432479209,30.700171642283692,175.52277688138696,3.149224503369262,12.752868395048901,47.947120428736504,0,2026-09-03 06:33:50
2024-01-09 13:12:00,CNC-03,H,297.4979800618909,311.8658761303136,1386.740920393713,51.281398408272295,101.4909855489059,2.182190052338421,13.455894340401455,57.455866910123774,0,2026-09-03 06:33:50
2024-01-09 06:12:00,CNC-03,H,296.1597690119865,310.94354273482395,2045.434532077246,37.991923012811085,181.77106626655268,3.0378135950813228,14.592410485650182,59.098716196995866,0,2026-09-03 06:33:50
2024-01-09 05:41:33,CNC-03,H,296.18201392424373,310.6236098773567,2228.2704436003564,29.991167973719488,140.49760803006876,3.0650079064989852,12.563993201137167,58.64030560089433,0,2026-09-03 06:33:50
2024-01-09 01:30:00,CNC-03,H,298.3116792332764,311.135880405008,2557.0124689738914,0.0,115.1514818598162,3.200474042787955,9.28187535410392,54.50526159271317,0,2026-09-03 06:33:50
2024-01-09 21:35:00,CNC-02,M,300.3905873395173,313.8422165175196,2496.602410064102,22.159637177157567,122.18684117356095,3.178798959193826,10.225276206064573,48.46901020106943,0,2026-09-03 06:33:50
2024-01-09 12:59:00,CNC-03,H,297.748791340709,311.7270976786802,1394.6090677495465,48.90956248324542,80.93004431597308,2.069077624943731,12.92522356624397,54.281963514569405,0,2026-09-03 06:33:50
2024-01-09 02:44:00,CNC-02,M,298.0971601964443,311.63534491524297,2520.5259857896563,20.502765218004026,205.67384970918573,3.752781313642388,9.595066354930369,55.42101540167203,0,2026-09-03 06:33:50
2024-01-09 10:58:00,CNC-02,M,302.38391639270327,311.2260952464445,1424.0983717546167,51.47513221213631,174.56782949696512,2.571861142505362,13.811107410477346,46.153657944525804,0,2026-09-03 06:33:50
2024-01-09 15:45:00,CNC-01,L,25.7138324158538,39.03233357360756,1588.0922991505809,40.46752710233477,7.375453905867429,2.3332635653105873,12.044616217656573,53.465861052602925,0,2026-09-03 06:33:50
2024-01-09 03:00:00,CNC-01,L,297.2400663966736,309.4012997015691,2521.5970394757574,19.79435941245288,12.378540624659898,3.1524477813244096,9.538555363996194,58.22041947689149,0,2026-09-03 06:33:50
2024-01-09 11:08:00,CNC-01,L,296.84434344382936,310.3596875961404,1370.3770399689686,48.97684009023813,29.949087485625697,2.0198115909216625,12.43300330484293,58.745893010193704,0,2026-09-03 06:33:50
2024-01-09 21:47:00,CNC-01,L,300.8129092039458,312.78485045628577,2679.242094798504,16.555355987835263,53.41919969323624,3.0399130132980026,8.158255933057156,48.61577539811755,0,2026-09-03 06:33:50
2024-01-09 00:57:00,CNC-03,H,298.7690017591996,310.38920270888343,2776.1272720237384,14.104932602842686,79.84538081110351,3.368600981628501,7.3590823760671995,55.77295733779083,0,2026-09-03 06:33:50
2024-01-09 11:33:00,CNC-03,H,296.9519410295547,312.49266322673833,1527.0004357422024,53.2168154343659,215.1148495673901,2.7378722935331505,15.145627016792048,56.86832112337904,0,2026-09-03 06:33:50
2024-01-09 17:40:00,CNC-02,M,27.48097093840454,41.93440059249559,1991.524040235461,36.443521467818336,88.70897763855595,2.649323768866273,13.441433946127626,50.01762213041997,0,2026-09-03 06:33:50
2024-01-09 07:43:00,CNC-03,H,296.11301327278096,309.8553768627012,1813.3344649287042,35.91585737658482,78.67657238708378,2.4664425577644176,12.536257976519247,58.8337707197449,0,2026-09-03 06:33:50
2024-01-09 19:11:00,CNC-02,M,300.4166488730043,314.81602284917983,2269.8864132574154,28.161929241433462,206.99977687353336,3.6409192168896998,11.828364283915352,51.994549205025095,0,2026-09-03 06:33:50
2024-01-09 02:50:00,CNC-03,H,297.4357137323231,310.82869810643524,2650.172199426357,20.645073002363397,203.54787771200384,3.7774510965381283,10.23840841423388,59.64855122058813,0,2026-09-03 06:33:50
2024-01-09 23:38:00,CNC-01,L,299.9227182063278,312.0228037138944,2822.0537102998787,13.83208702222171,172.82469011680928,3.7504533726664375,7.500667041007721,51.21797977351321,0,2026-09-03 06:33:50
2024-01-09 00:01:00,CNC-01,L,298.9973769769523,309.77122242490304,2821.7895564067067,10.352689674729575,8.343733775777867,3.3236026470401443,5.526578924186995,50.43727594525102,1,2026-09-03 06:33:50
2024-01-09 04:24:00,CNC-02,M,297.7291984168925,310.68280465098337,2366.4983343679296,23.14981930374851,68.86638428477968,2.982302814782437,10.508997321873773,54.397431590078554,0,2026-09-03 06:33:50
2024-01-09 20:16:00,CNC-02,M,300.56610144404755,313.5293142482954,2358.43308992028,22.169012955867945,31.99253344231707,3.0012451755117033,9.751284228079037,52.13554198285737,0,2026-09-03 06:33:50
2024-01-09 23:34:00,CNC-02,M,299.576756177777,313.2058723738227,2649.1404630064776,19.17990115529154,250.98224044794367,4.477171967932961,9.585319593271253,54.29643318462358,0,2026-09-03 06:33:50
2024-01-09 05:12:00,CNC-02,M,296.8946216425704,311.8823202480951,2120.352251472122,36.40387835397907,128.5599126470912,2.8899402531338287,14.53389666425889,54.7505175393266,0,2026-09-03 06:33:50
2024-01-09 19:28:00,CNC-02,M,300.66761902124637,316.5943630307825,2157.768320215836,37.97866154659341,227.9566068079253,3.6886106149826436,15.208244746942984,44.77095976785539,0,2026-09-03 06:33:50
2024-01-09 08:12:00,CNC-01,L,295.8012804010538,310.6076996912316,1627.1550041299865,44.996822490164384,201.30884995416895,3.032627774276322,13.75853905658706,58.150267562344034,0,2026-09-03 06:33:50
2024-01-09 04:21:00,CNC-01,L,296.17974347908074,310.05466733638445,2352.315760750173,28.496177775793228,108.08870977855123,3.1713366109236603,12.546307848043176,62.961982830766715,0,2026-09-03 06:33:50
2024-01-09 00:32:00,CNC-02,M,298.97968354892464,310.9447160643523,2697.5071755873996,15.60092788278084,62.34637359424936,3.237532155829496,7.684393713745805,54.432018696844615,0,2026-09-03 06:33:50
2024-01-09 15:56:00,CNC-03,H,26.00749433991649,40.20518276535125,1631.1236601403664,44.68056417127084,92.65782968691212,2.31676076388185,13.65947217445653,54.38430385663561,0,2026-09-03 06:33:50
2024-01-09 08:14:00,CNC-01,L,295.78819316259484,310.02234067116177,1675.2110048255406,39.53835773877044,204.2621246802052,3.147753374363878,12.412935035493145,60.56648556468389,0,2026-09-03 06:33:50
2024-01-09 17:45:00,CNC-01,L,27.07091184614586,41.48267922550008,2059.276476615549,33.54629860983804,177.29651174142936,3.255679693440115,12.93273476409416,50.47218851961225,0,2026-09-03 06:33:50
2024-01-09 19:58:13,CNC-01,L,300.41555055871714,314.0478460824354,2312.2863474758124,26.65679925360874,144.71835519180956,3.113217103291667,11.44997219641918,49.71760481125123,0,2026-09-03 06:33:50
2024-01-09 19:55:00,CNC-02,M,300.64189236084695,313.9509267328086,2400.588026079699,25.38960034695822,7.153379435420877,3.003498456195609,11.685494313053217,47.27443424674787,0,2026-09-03 06:33:50
2024-01-09 08:00:00,CNC-01,L,295.4904829908193,310.26243297495313,1725.0609531926084,41.72088805262103,183.69071275416,3.001079822485337,13.616736167903234,61.94550105882749,0,2026-09-03 06:33:50
2024-01-09 02:23:00,CNC-02,M,298.4388448297468,311.850710630853,2544.04996820548,22.937897770159065,182.22338006686144,3.564291454827307,10.978483365685076,50.82767486532944,0,2026-09-03 06:33:50
2024-01-09 00:10:00,CNC-03,H,298.9838394571356,311.156600875998,2622.742381774884,18.003181331244395,29.95333387714315,3.297146027166537,8.842314332174336,57.66301077948816,0,2026-09-03 06:33:50
2024-01-09 18:00:00,CNC-02,M,27.207970247137666,41.60605376783201,2253.4047343727957,30.773039486678936,115.61697901162495,2.8758234997214136,13.075485864015716,47.30223430467809,0,2026-09-03 06:33:50
2024-01-09 19:40:00,CNC-03,H,300.61034524868,314.1070685959884,2161.7950227452316,28.02442001115952,160.92536985552348,2.857588550105299,11.386362110508554,49.70545920451494,0,2026-09-03 06:33:50
2024-01-09 18:39:00,CNC-02,M,300.4513028421055,314.85095036638205,2063.8752204904986,34.3089590360407,166.64068461169202,2.969226893506361,13.543498667360584,51.23008277801604,0,2026-09-03 06:33:50
2024-01-09 23:21:00,CNC-01,L,300.09857248662166,313.56814491438814,2621.0901134426094,22.46463632780319,155.0576207213575,3.545940786423857,11.092546374716445,51.03418333214214,0,2026-09-03 06:33:50
2024-01-09 01:32:00,CNC-03,H,298.34833559343275,310.4539950829754,2694.6087417939193,15.013645192742574,117.25710477345206,3.339974007373821,7.592256036657823,54.166078245979705,0,2026-09-03 06:33:50
2024-01-09 02:38:00,CNC-02,M,297.9822433458673,310.7290565125078,2634.170359692657,17.80091441189421,198.77335626757676,3.800591514669431,8.812075259383905,55.63542754045633,0,2026-09-03 06:33:50
2024-01-09 20:39:00,CNC-02,M,300.6567037961031,313.3918480926541,2627.325331837925,18.72521900470843,58.72516071400872,3.2331235286869493,9.303524172173965,51.83483437546945,0,2026-09-03 06:33:50
2024-01-09 06:09:00,CNC-02,M,296.4830735796426,311.27403308234835,2077.2415582003428,35.00771090296232,203.30551270694656,3.4298490788230716,13.389899168478529,59.01764007064513,0,2026-09-03 06:33:50
2024-01-09 14:39:00,CNC-01,L,298.1729594826261,313.20551571797716,1585.3070571405808,48.8293400254775,133.98357009842033,2.539319457042248,14.642371145203363,55.7691428057724,0,2026-09-03 06:33:50
2024-01-09 01:29:00,CNC-02,M,298.9853432398207,310.8838917265123,2712.5831519650483,14.899720928581642,123.29819362007842,33.256804448555656,7.385349868297358,53.26141214979015,0,2026-09-03 06:33:50
2024-01-09 20:21:00,CNC-02,M,300.5436058153662,313.34721708779495,2365.3226644593587,22.787042256932118,37.96993851051544,2.9268506100273584,9.915326532913216,54.69854319854465,0,2026-09-03 06:33:50
2024-01-09 10:44:00,CNC-01,L,296.8139323058424,311.8981009794487,1393.0321067391997,55.815730145685876,199.48850594421106,2.905910177179889,14.49681799157338,56.533142597413146,1,2026-09-03 06:33:50
2024-01-09 11:08:00,CNC-02,M,302.5517944878507,311.5688668937945,1554.100901490162,48.75851498641321,190.4105823328009,2.7868699177185285,14.391405561854448,45.09392055914956,0,2026-09-03 06:33:50
2024-01-09 05:52:00,CNC-02,M,297.1314475001249,311.7747912649818,1999.013238165298,35.88856168087779,180.49169500704917,3.1764156500303917,13.342713356487785,59.732564480145115,0,2026-09-03 06:33:50
2024-01-09 06:26:00,CNC-02,M,296.6508383712583,311.5226592328163,1866.511939813355,38.87845290213074,226.29068315235477,3.487265767018189,13.783177234937021,57.3474906195568,0,2026-09-03 06:33:50
2024-01-09 19:27:00,CNC-02,M,300.0931346782384,314.87603728640124,2308.3114186221687,28.72922636591849,226.66042833255372,3.9371901327389587,12.409092110979055,52.62032013580799,0,2026-09-03 06:33:50
2024-01-09 12:13:00,CNC-03,H,297.30885814637077,310.9698151601313,1346.0489476316309,50.976194832585996,7.964312943623799,2.001436994575647,12.794204051124987,56.01202303167981,0,2026-09-03 06:33:50
2024-01-09 18:43:00,CNC-02,M,300.59791144570863,314.7806473048836,2086.9230714580235,28.974771511584514,171.7460642268382,2.999291732022599,11.269060889036345,48.312399385555196,0,2026-09-03 06:33:50
2024-01-09 05:18:00,CNC-02,M,296.94040879474323,310.84501228824155,2137.985522227029,30.31934216549541,136.2401075723798,2.911671251977563,12.269428548993595,54.22092840009775,0,2026-09-03 06:33:50
2024-01-09 02:34:00,CNC-02,M,298.4135733448389,312.0885672065468,2546.614678257174,23.195260806069868,194.28664681973783,3.6537078420416473,11.046704457886715,55.63601413625379,0,2026-09-03 06:33:50
2024-01-09 12:42:00,CNC-03,H,297.5829304620843,311.43831579133104,1288.0862530536904,54.17579786303993,54.04317527543527,1.945043039726206,13.089255662691818,55.814455335027034,0,2026-09-03 06:33:50
2024-01-09 11:08:00,CNC-03,H,296.8537364799594,311.4655226239394,1445.420154088284,50.204885282899966,175.49151785754987,2.4820513258240307,13.521691273476003,57.60836972606515,0,2026-09-03 06:33:50
2024-01-09 07:58:00,CNC-01,L,296.107315350135,310.2032042021763,1629.0618181748064,40.765095628733306,180.83426077007155,2.7425943949694322,12.357342120601865,60.06352818728525,0,2026-09-03 06:33:50
2024-01-09 07:55:00,CNC-02,M,296.17254981771237,310.652099561161,1606.3423951959112,43.96919303826474,122.55040367214312,23.311967134851358,13.299966403024474,55.69664169385192,0,2026-09-03 06:33:50
2024-01-09 16:35:00,CNC-03,H,299.6980898464211,314.2938751776935,1739.9399317215725,43.52044362131557,149.0703557355023,2.568069332228133,14.308167861884707,50.61544083043063,0,2026-09-03 06:33:50
2024-01-09 03:03:00,CNC-02,M,297.8291297838891,311.4809125872962,2386.150193350408,24.594331004496283,227.37056960220636,3.85666028309247,10.857809870610259,52.11192629388739,0,2026-09-03 06:33:50
2024-01-09 19:01:00,CNC-01,L,300.4752342422325,313.8402065559629,2275.662383877979,26.769318774565452,76.12824560934193,2.892340624010943,11.394360539391045,49.70758845038321,0,2026-09-03 06:33:50
2024-01-09 20:22:00,CNC-02,M,300.550517148052,313.8013096104918,2347.3855659984324,24.9722522865497,39.18506398690695,2.9106151930276565,10.768464551372208,52.43738984218582,0,2026-09-03 06:33:50
2024-01-09 15:15:00,CNC-03,H,25.899057692761573,39.741198414408416,1530.300754001155,45.05562280180249,31.81663426388947,2.174850675304019,12.80957412133431,53.06581057841489,0,2026-09-03 06:33:50
2024-01-09 18:53:00,CNC-03,H,300.5345373410265,314.39322744517875,2037.9777795670457,32.94351104652708,102.39880837768065,2.698722727701829,12.402104440982427,50.29597319983287,0,2026-09-03 06:33:50
2024-01-09 17:32:00,CNC-01,L,26.955392636094984,41.457119468977055,1770.660501914367,42.015257959682266,159.5918283764023,2.7866847501397625,13.928831212176055,53.33736005044541,0,2026-09-03 06:33:50
2024-01-09 20:21:04,CNC-02,M,300.5316204435879,314.1724508516205,2175.2363282618476,29.074879070584295,36.748443439651574,2.8361663749768797,12.086414944092827,,0,2026-09-03 06:33:50
2024-01-09 04:31:00,CNC-01,L,296.1068603890534,309.4102343187919,2346.0350466832833,24.764491358437233,120.18203786996442,3.0538416305673732,11.012339134104277,57.59196529534536,0,2026-09-03 06:33:50
2024-01-09 02:51:00,CNC-02,M,297.8994371107676,311.2727283383349,2566.0208051656195,,213.60404936441313,3.881289471364326,10.176709832054943,57.157251469532056,0,2026-09-03 06:33:50
2024-01-09 04:25:00,CNC-01,L,296.3678210069342,310.52327735305863,2219.2602219424066,30.262987930745613,112.90551014889105,2.8981800852570188,12.63247935634165,56.17562953494163,0,2026-09-03 06:33:50
2024-01-09 22:49:00,CNC-02,M,299.8419907586459,313.6168928770294,2656.499766912023,21.770034527311758,202.69111840876718,37.82116773772629,10.8988851973183,50.70370365210523,0,2026-09-03 06:33:50
2024-01-09 23:25:00,CNC-02,M,299.4913715021847,313.6013015683875,2757.422805216911,20.520672029884526,241.35953666227908,4.379103320672944,10.700256270900558,53.55385018045481,0,2026-09-03 06:33:50
2024-01-09 08:10:00,CNC-02,M,296.5260068247514,310.8941582795917,1495.1846848227967,45.77885005355878,144.82036008781085,2.3924409536692615,12.697222803695121,60.835874720676,0,2026-09-03 06:33:50
2024-01-09 14:42:00,CNC-02,M,298.3862939163439,312.53285081864016,1461.0568638017298,46.545233388863906,38.81883611738726,2.2089246958654747,12.788449758292748,54.80688078334127,0,2026-09-03 06:33:50
2024-01-09 00:12:00,CNC-02,M,298.974792516029,310.84398446207894,2815.2515870739594,15.444697563162231,41.12178180668807,3.1744304570291253,8.102056620598313,48.87039520236189,0,2026-09-03 06:33:50
2024-01-09 05:16:00,CNC-01,L,301.67281303578807,310.15285549726616,2234.8232349386412,31.404045864763884,176.22353672626932,3.254740358540218,13.100489336516357,48.94875630984749,0,2026-09-03 06:33:50
2024-01-09 18:42:00,CNC-01,L,300.0809987364351,313.31664237360957,,26.52748818484357,51.96841617833004,2.764618395104782,11.342670372468636,51.836660006495364,0,2026-09-03 06:33:50
2024-01-09 15:20:00,CNC-02,M,25.901963889923536,40.50801354687212,1711.1926939945208,42.66625273231734,96.73568240610108,2.390066377273935,13.553882618073825,51.09884761455387,0,2026-09-03 06:33:50
2024-01-09 13:44:00,CNC-01,L,298.323424777432,312.27667833112343,1391.0614154206135,49.61152821913795,48.77401250519707,2.082773243116465,12.769818701081222,56.17530609148575,0,2026-09-03 06:33:50
2024-01-09 18:32:00,CNC-03,H,300.18106257795887,313.96104741312314,2070.6724031320077,32.03518312153144,75.30623738233008,2.6360467383769244,12.504220081874037,52.14694060715551,0,2026-09-03 06:33:50
2024-01-09 18:57:00,CNC-02,M,300.51379235041946,315.12710788365524,2249.8241857070097,30.233301815011018,189.42145649173315,3.392969145001144,12.715144781543824,47.67631904492921,0,2026-09-03 06:33:50
2024-01-09 04:01:00,CNC-03,H,296.98851967115985,309.17784621318253,2339.363917610339,21.372778798757565,15.379569064141085,2.899177549501131,9.387927021165964,57.57220281351354,0,2026-09-03 06:33:50
2024-01-09 14:23:00,CNC-03,H,298.7373118760503,313.9667793495002,1429.1880820293572,54.60123959399587,212.85576719278365,2.731135367541209,14.562595558690456,54.04907607488495,0,2026-09-03 06:33:50
2024-01-09 13:54:00,CNC-01,L,298.36350175043214,311.78548713842525,1361.6327699463513,48.66782245327906,64.27383430878129,1.9877508093887613,12.571992765256844,58.63211175592198,0,2026-09-03 06:33:50
2024-01-09 03:19:00,CNC-03,H,297.37469107574384,310.7258058258228,2501.738620652404,20.246266220227902,236.6613311312383,3.8420123877738668,9.587166534315125,56.290535300639725,0,2026-09-03 06:33:50
2024-01-09 22:44:00,CNC-01,L,300.1130191129138,312.35657525747877,2782.978381321154,16.087494182799148,115.33727660069228,3.3263801826852464,8.175248700728577,47.85061894955196,0,2026-09-03 06:33:50
2024-01-09 02:10:00,CNC-02,M,298.21516178505954,311.0944557808893,2585.012081143521,19.49437286065892,167.69533324386586,3.4894804236173784,9.476612549132009,55.489555863340016,0,2026-09-03 06:33:50
2024-01-09 03:56:52,CNC-03,H,297.1827049751757,310.1011083374551,2390.1062902895687,23.873833816912665,11.789551771667853,28.468734204573718,10.659961824904977,55.80525500357672,0,2026-09-03 06:33:50
2024-01-09 06:57:00,CNC-01,L,296.12316399512196,310.1483214325616,1860.19430798651,36.214656864719004,93.48119958487209,2.602490214674879,12.80370209907001,59.40931820236413,0,2026-09-03 06:33:50
2024-01-09 19:16:00,CNC-03,H,300.54332113006166,314.1158384943337,2149.65097904347,29.85435381065866,131.24730182572097,2.8141044765592342,12.242071853767115,49.79309482667125,0,2026-09-03 06:33:50
2024-01-09 12:23:00,CNC-02,M,297.21045069955164,311.57022908831317,1438.1070360025324,50.15289442732558,60.24777819291904,2.213141580829726,13.563826637765803,56.224742788616766,0,2026-09-03 06:33:50
2024-01-09 17:07:00,CNC-03,H,26.612502659319716,41.32428142844674,1766.7675664489338,41.93557028769208,194.0650604102934,2.815214121593447,14.163720033865262,51.38646635589316,0,2026-09-03 06:33:50
2024-01-09 17:44:00,CNC-02,M,27.31388522970917,41.57296948911255,2071.8914178265936,33.80491448675762,94.07337900689149,2.7131048240775137,12.944419778209006,46.79451318198067,0,2026-09-03 06:33:50
2024-01-09 01:01:00,CNC-02,M,298.7349125854813,311.0409957424666,2615.897568122208,17.438925518101104,92.9882565094348,3.1115165635207327,8.758080242776236,55.406685623566325,0,2026-09-03 06:33:50
2024-01-09 19:38:00,CNC-03,H,300.6358741609192,314.85954246289907,2427.607366960068,28.860715783103046,158.46050455736307,3.1721928999500113,13.289136456933168,51.99088543116117,0,2026-09-03 06:33:50
2024-01-09 08:30:00,CNC-02,M,296.3812703538228,311.60883283394577,1462.5530147352208,55.02740148276474,174.54523023715865,2.518088153903348,15.26593110331186,55.15585412916001,0,2026-09-03 06:33:50
